3
4
21
27
2
52
7
1
2
4
70
3
4
101
5
24
54
201
0
3
4
10
524
32
57
451
52
704
3
52
3
0
0
405
3
233
2
42
32
35
123
35
1
4
5
7
11
473
3
2
27
2
370
44
7
451
4
45
3
3
107
54
473
2
7
50
43
435
0
2
537
21
522
330
33
1
52
50
12
12
357
24
34
7
342
11
175
32
301
5
7
1
335
3
327
4
140
70
47
4
531
73
1
1
17
737
407
427
7
1
3
27
43
77
32
4
50
30
42
0
133
32
0
1
5
5
34
43
73
4
700
7
7
0
10
5
142
4
145
25
515
2
107
52
44
4
53
4
2
3
7
47
24
2
2
137
3
2
57
0
71
24
50
7
5
54
5
551
7
47
1
50
0
0
0
304
524
10
0
5
74
73
42
3
0
40
41
15
15
53
454
10
55
425
47
14
73
40
7
552
0
54
5
3
10
445
1
3
2
133
0
252
5
403
5
4
422
245
172
535
253
1
457
0
21
247
14
30
175
7
7
47
100
2
11
157
32
40
5
471
407
35
1
47
43
7
7
441
2
7
237
440
5
50
55
4
5
75
1
75
0
324
734
3
7
273
1
30
0
572
407
3
5
54
17
34
47
21
2
2
2
4
3
505
40
4
35
5
752
12
11
570
15
120
0
7
7
12
373
17
5
540
354
32
4
4
73
70
171
41
42
0
0
4
54
11
5
1
225
57
122
423
520
3
547
14
112
27
43
7
3
30
173
522
555
4
0
4
40
3
305
1
245
71
43
51
3
31
20
27
523
5
4
275
0
5
5
25
45
341
703
113
25
15
75
5
1
1
15
755
3
54
33
30
4
31
12
507
77
24
51
41
4
3
14
23
44
470
502
201
1
733
15
7
5
105
47
3
1
702
250
252
5
2
11
53
40
240
0
2
43
550
174
434
1
3
471
4
7
1
374
45
1
252
115
4
3
0
23
23
335
7
4
5
271
3
33
14
243
3
14
71
472
421
4
370
450
75
0
401
307
3
2
72
51
7
12
74
7
53
331
55
4
7
0
35
1
7
4
451
5
7
2
474
23
51
5
7
5
21
70
0
2
743
2
3
444
32
4
3
272
21
2
127
43
772
70
100
1
4
252
0
7
141
1
40
731
444
723
1
10
400
331
0
242
35
375
1
351
11
41
322
1
113
755
7
2
737
753
45
457
51
5
7
14
0
441
1
232
237
2
7
31
147
71
322
1
2
1
72
115
33
747
3
42
7
300
37
5
553
7
57
4
0
25
117
7
321
74
342
17
71
473
322
5
4
4
4
717
345
17
3
30
24
1
77
77
54
501
557
753
0
2
115
420
4
44
205
7
172
5
224
307
0
32
302
5
42
350
45
717
132
23
225
7
737
23
4
7
47
7
522
3
11
320
14
13
42
30
4
1
0
153
3
2
57
257
53
54
11
0
1
327
3
3
401
227
1
1
734
1
33
121
41
3
52
3
2
52
41
423
431
27
32
107
1
33
77
17
34
73
11
4
201
750
511
0
422
2
574
705
727
75
3
10
4
34
1
2
2
5
4
4
3
23
5
2
75
11
73
522
52
400
0
432
27
5
2
720
124
4
0
370
4
7
3
114
5
725
34
45
715
741
3
533
4
7
33
157
32
4
41
320
3
47
12
2
0
21
3
33
40
340
742
47
514
74
7
200
10
1
7
1
5
23
77
1
2
7
545
3
5
22
2
433
47
237
335
741
45
4
33
5
0
402
0
0
5
7
5
23
5
4
4
741
2
2
5
1
27
4
75
743
10
450
34
32
32
5
75
7
5
157
0
334
254
7
2
0
57
502
7
275
53
2
5
4
3
0
2
7
340
2
4
2
345
75
7
4
4
11
47
43
332
1
37
1
221
0
1
737
141
5
34
3
55
504
31
0
1
3
14
511
15
3
5
717
273
2
17
77
55
40
5
275
33
45
707
205
7
27
514
554
11
34
4
541
273
22
101
102
44
11
202
7
320
7
113
12
143
207
25
20
205
134
555
71
223
7
5
45
34
13
33
25
307
13
275
210
0
0
775
5
3
5
51
7
252
7
32
32
40
334
242
53
25
0
45
0
322
7
43
0
1
442
430
143
4
35
431
2
503
1
550
717
433
255
740
750
770
453
3
1
31
121
3
2
7
705
142
4
4
4
2
17
52
52
71
54
0
33
4
572
5
57
724
334
4
531
3
74
557
57
2
145
747
302
714
25
150
1
55
1
37
72
32
43
575
422
1
