73
325
0
31
5
437
21
4
7
12
27
43
0
20
223
75
377
31
45
533
70
40
223
23
0
0
345
0
10
42
4
772
1
4
3
153
20
7
374
4
30
41
337
3
700
17
4
513
157
0
24
1
52
125
2
7
304
0
75
53
11
750
7
523
125
214
10
2
7
5
300
403
0
340
454
202
5
74
3
52
177
75
41
50
171
712
427
20
7
7
4
4
0
1
542
3
23
1
72
3
113
44
5
50
44
3
7
412
37
70
1
13
31
5
25
2
737
113
144
125
1
121
15
330
177
333
2
357
703
32
7
473
73
717
3
300
17
53
721
15
2
70
1
2
30
75
147
42
450
303
55
1
0
4
2
44
13
247
535
771
0
43
2
1
372
135
1
771
2
154
731
2
53
3
401
7
17
4
4
4
54
454
70
72
54
3
137
544
34
71
0
4
5
247
323
407
222
1
2
7
270
453
723
573
45
352
543
544
541
1
7
71
5
372
210
2
7
5
1
31
17
30
0
44
711
0
73
72
45
127
2
54
757
3
230
23
30
71
0
54
124
772
5
205
520
5
454
112
4
553
7
134
42
155
4
542
32
0
4
0
4
714
7
2
12
4
317
7
25
7
7
724
4
424
451
42
7
445
20
153
45
77
704
2
10
70
51
17
771
1
707
4
1
0
1
104
475
4
0
2
3
454
0
43
51
0
17
30
14
1
7
510
10
0
110
1
0
0
1
5
30
417
4
25
2
47
5
277
3
237
0
7
2
411
72
3
523
13
732
574
5
221
43
37
304
3
37
42
12
0
2
2
103
1
223
72
3
501
130
32
400
0
415
0
41
3
1
232
2
71
5
555
43
140
5
334
75
1
74
33
30
112
2
7
2
2
500
7
12
1
510
1
331
54
2
145
423
1
13
2
7
4
1
0
5
701
211
0
3
4
74
21
703
1
772
70
77
0
7
40
122
0
7
0
575
44
5
3
5
3
4
0
50
32
2
7
51
1
414
21
701
2
3
2
25
55
151
10
410
11
74
5
401
4
0
17
241
521
5
245
7
101
530
30
444
345
35
13
15
20
14
577
51
2
7
75
5
71
234
51
324
147
20
3
15
345
5
4
142
70
2
357
340
3
1
0
5
23
54
701
250
217
714
20
0
152
150
3
1
74
204
75
33
0
4
34
3
272
4
771
431
2
47
424
71
7
21
732
371
277
3
4
24
410
353
35
132
2
40
17
251
21
442
25
315
52
7
127
23
23
3
4
0
4
1
1
0
50
24
0
151
1
0
227
347
3
0
35
1
0
233
30
24
35
273
3
7
23
550
2
143
1
52
12
721
2
37
343
0
2
213
5
5
70
45
3
42
1
14
4
5
22
542
72
1
7
311
75
744
1
33
4
7
51
2
370
2
4
7
305
731
75
402
750
27
354
324
15
7
330
350
512
0
13
4
7
24
1
202
44
1
7
3
2
13
37
330
543
43
402
5
54
5
31
1
43
40
1
1
23
172
730
125
414
742
5
0
177
357
31
7
22
1
35
5
3
75
540
403
17
3
1
1
77
3
23
0
534
0
7
1
575
704
113
24
5
57
0
443
44
7
25
20
431
1
53
471
320
303
1
307
30
75
10
530
7
5
424
0
452
20
453
72
55
732
5
55
5
7
772
52
71
114
3
20
3
23
22
1
7
221
140
21
414
440
3
45
7
12
4
4
1
7
1
221
0
25
7
171
3
405
152
42
25
70
52
51
222
474
35
3
471
511
2
5
77
34
4
7
0
25
2
527
4
42
0
3
112
47
1
13
20
303
4
3
5
7
151
50
2
4
4
710
22
25
1
541
2
2
15
1
5
2
73
5
227
71
34
0
2
140
113
473
5
51
52
3
2
13
414
70
2
7
22
17
513
1
22
413
45
32
0
2
1
132
4
2
427
2
0
13
13
41
2
4
705
54
47
537
452
55
245
27
73
707
34
2
3
750
73
5
3
743
30
210
731
470
305
421
145
3
220
242
54
4
15
0
17
51
322
4
5
7
5
55
203
3
13
43
7
37
573
7
207
0
7
30
5
7
243
21
3
557
575
40
171
7
17
574
5
172
4
201
25
3
3
734
22
22
7
41
0
3
2
0
151
2
775
0
4
57
23
7
15
30
23
425
4
40
73
4
2
340
44
7
4
571
17
3
431
4
1
77
50
211
433
333
200
70
12
5
205
33
751
514
150
7
5
1
335
1
2
400
17
7
372
57
125
41
342
72
33
40
34
71
43
73
114
7
107
70
1
111
10
0
37
415
0
10
4
23
7
42
3
0
377
73
1
4
75
41
7
444
434
71
3
4
23
37
74
243
7
47
20
57
574
2
42
40
7
772
7
314
515
7
241
43
33
23
7
4
0
724
3
5
740
504
3
450
751
4
33
17
1
1
0
41
57
404
7
0
1
51
433
5
422
0
23
720
5
423
1
41
302
7
302
52
501
7
2
31
14
54
1
2
5
0
23
143
0
1
254
37
7
403
472
213
15
274
11
53
71
2
71
42
170
43
35
27
475
171
3
71
75
3
11
3
37
70
4
72
57
25
2
23
70
127
33
15
1
47
270
33
5
44
32
424
0
7
127
1
201
40
4
0
455
1
724
155
2
7
54
0
103
0
23
10
5
2
4
301
47
5
4
4
51
52
1
35
3
10
5
75
77
55
12
204
730
13
513
5
173
11
335
72
540
204
13
55
3
32
32
2
3
577
5
530
0
501
27
24
31
7
5
13
5
15
41
453
1
505
35
52
1
24
1
33
3
3
53
0
7
7
42
114
717
73
420
4
1
53
5
7
3
15
12
5
12
373
31
1
5
24
74
0
13
307
20
41
31
373
3
4
1
32
55
771
5
2
0
441
5
12
735
12
41
50
3
32
430
175
0
24
5
47
0
2
530
3
77
531
4
3
241
2
713
427
717
4
342
222
3
5
51
754
552
42
4
470
24
277
472
54
71
34
35
2
220
53
0
454
305
755
115
50
7
4
14
552
0
1
3
4
4
232
74
7
14
5
7
53
2
35
415
0
0
2
4
5
401
24
0
150
5
3
75
4
344
44
31
54
131
572
2
22
0
55
7
2
4
43
43
5
1
40
0
43
23
570
37
44
521
32
23
1
1
2
54
31
245
577
1
2
5
212
1
341
2
70
47
424
4
7
37
3
321
45
741
1
0
217
5
753
57
0
4
0
24
3
1
7
5
570
50
0
42
33
24
47
74
5
0
117
1
120
54
57
3
12
70
23
0
1
22
0
733
37
434
1
254
37
25
7
7
44
452
172
524
2
5
310
2
5
524
4
452
340
171
24
7
4
305
44
7
455
12
754
74
1
33
7
313
442
74
57
137
47
40
12
70
50
535
5
55
2
74
7
42
33
4
7
322
452
70
154
250
173
23
2
5
0
4
33
22
47
407
721
20
20
5
45
4
5
45
571
1
55
524
24
52
5
122
470
20
150
717
277
7
35
0
310
137
47
32
725
72
1
104
3
3
233
7
2
13
2
4
511
5
51
25
47
77
14
347
111
110
727
31
0
4
1
1
45
3
42
77
524
323
712
202
547
2
35
354
401
2
1
3
34
0
5
3
104
320
3
47
1
31
254
2
73
47
22
105
4
0
751
5
0
157
742
350
527
754
25
1
1
2
5
403
7
30
31
0
454
42
1
545
44
7
7
14
335
522
4
0
2
3
55
4
1
4
4
747
73
144
235
71
105
713
17
417
4
14
341
727
500
741
0
4
353
442
1
201
5
55
51
2
1
5
4
3
50
1
7
705
7
430
24
7
57
75
433
2
55
15
5
37
2
53
107
3
353
55
7
4
53
0
45
2
310
30
2
0
111
2
4
1
101
435
10
3
57
224
12
123
3
17
17
7
42
24
30
10
371
1
710
441
7
204
754
71
1
5
15
27
22
734
771
4
15
542
5
41
5
2
447
1
20
275
71
40
770
252
3
11
50
5
4
7
270
524
301
40
24
11
234
1
31
1
22
3
35
57
4
1
757
43
45
1
153
4
100
2
270
1
377
532
321
34
1
174
72
425
5
30
41
0
3
452
155
100
7
1
747
53
12
732
131
27
32
0
2
31
122
775
47
4
77
2
1
15
544
1
2
533
30
33
51
4
7
505
40
224
25
1
4
144
510
477
34
11
1
4
254
73
30
55
22
442
34
1
10
422
0
1
75
5
0
41
1
337
2
1
45
7
225
1
7
7
0
313
11
4
34
7
35
1
77
35
0
55
1
25
470
2
17
3
0
27
522
331
2
1
151
471
732
71
3
71
712
1
501
1
7
20
11
27
304
74
444
51
231
51
43
15
15
710
731
1
222
77
240
0
443
45
33
5
3
3
17
0
1
0
30
17
30
402
5
4
442
7
375
752
37
47
51
47
1
1
51
3
54
0
403
0
0
3
7
54
3
13
1
4
274
1
415
342
420
45
71
4
5
123
47
1
0
32
33
30
30
332
37
34
441
53
77
54
50
227
2
447
43
2
523
5
175
70
33
7
1
411
4
4
1
525
355
4
4
70
252
322
2
14
3
4
2
70
35
21
324
2
271
734
7
4
750
4
321
1
752
50
553
0
730
70
337
57
32
101
1
231
75
3
7
313
2
3
4
52
2
41
117
733
1
7
34
1
5
40
74
1
53
7
3
1
32
477
125
722
40
5
4
733
17
3
25
1
55
2
31
204
342
7
2
53
247
300
315
570
5
435
3
55
354
152
7
25
2
73
201
55
15
70
25
40
17
17
173
141
7
47
12
530
24
1
55
74
4
2
43
1
72
0
2
20
37
557
437
27
724
403
5
3
3
5
721
13
330
7
47
7
1
210
7
12
753
75
2
43
0
7
4
142
0
2
2
41
14
431
2
501
50
4
27
404
520
0
71
23
0
41
27
7
171
31
1
3
23
1
5
34
25
13
50
2
42
2
733
1
3
75
40
17
4
47
525
31
43
1
0
5
53
33
4
75
371
703
5
53
4
223
43
472
100
414
2
13
75
711
27
132
77
4
450
52
3
2
0
1
7
24
30
752
5
200
500
721
17
127
3
1
11
54
2
2
1
41
7
4
3
141
27
2
0
1
3
175
74
5
0
4
523
120
204
150
54
104
14
207
1
537
57
5
77
3
252
51
525
3
4
474
1
1
3
57
745
1
334
1
53
4
34
4
50
51
440
77
0
410
20
3
1
240
5
22
0
171
3
340
3
7
0
5
232
340
175
411
3
0
30
4
427
25
3
157
3
72
4
57
37
542
724
4
113
4
3
330
75
257
0
7
2
72
732
374
0
0
1
0
2
220
4
70
3
27
27
14
7
40
7
2
101
257
33
322
0
314
57
11
22
13
42
41
342
755
312
12
0
30
51
21
25
401
2
70
0
7
0
23
5
702
53
31
5
217
2
1
3
322
10
4
24
1
1
5
33
0
305
131
5
7
7
44
1
51
2
0
2
7
534
4
724
7
50
5
344
2
3
7
334
273
3
7
5
435
4
433
0
771
125
53
0
453
342
5
2
55
45
0
212
443
12
533
540
413
70
27
7
20
0
37
40
54
355
7
3
70
14
741
2
403
752
50
12
4
15
7
777
0
2
23
11
524
1
41
40
2
52
15
44
530
10
33
34
5
27
21
0
5
771
151
401
737
40
14
3
211
74
10
43
2
2
0
35
5
5
525
31
40
502
73
14
13
451
735
15
135
52
545
13
73
7
75
5
1
540
5
413
357
273
451
32
204
2
540
2
37
73
21
412
20
33
37
3
10
30
15
4
5
4
23
450
2
170
33
3
0
73
3
3
2
33
52
115
25
12
135
1
471
5
55
3
70
30
4
4
324
5
115
2
14
40
7
42
43
5
0
3
257
223
2
774
141
3
32
247
477
425
127
2
5
0
7
40
177
275
41
3
11
212
4
75
452
272
404
52
317
247
5
557
4
55
3
142
35
70
3
220
473
1
55
244
1
7
5
55
5
475
200
0
4
73
1
7
0
5
4
330
225
4
17
251
347
357
415
3
5
1
7
420
375
75
7
7
23
5
221
7
44
71
3
14
71
435
351
434
7
0
4
0
15
50
274
52
4
1
47
2
14
21
713
71
3
1
73
0
45
53
422
1
4
0
0
347
573
2
2
0
72
775
550
2
0
44
1
2
223
327
277
0
57
417
4
475
741
40
5
0
112
75
52
3
14
332
75
41
21
2
2
0
552
74
740
70
22
5
0
41
70
3
47
4
34
4
5
23
122
31
34
71
57
0
25
143
177
5
3
2
417
107
212
4
7
725
2
212
312
2
7
404
7
1
402
510
300
7
7
14
55
71
15
4
57
441
2
7
42
5
517
4
7
5
15
3
171
1
51
230
224
2
10
1
2
50
700
300
2
253
547
57
553
437
3
22
2
757
2
57
7
2
310
421
311
25
3
201
255
3
47
4
7
5
102
775
51
5
4
35
7
75
514
22
17
4
413
77
0
515
0
111
7
310
3
241
35
545
272
172
5
1
3
1
0
233
21
22
121
4
0
210
122
34
40
5
7
4
452
434
1
77
5
72
0
3
171
7
13
235
2
7
3
2
0
151
72
472
13
0
151
2
433
500
7
320
1
54
3
3
330
152
0
127
7
21
1
50
53
2
353
4
377
72
2
50
5
3
375
12
122
340
7
474
1
20
4
3
5
5
72
0
10
4
41
32
7
57
7
3
24
5
344
104
34
231
42
304
3
1
7
0
551
55
314
704
2
510
0
232
7
533
3
155
1
1
5
5
405
32
37
54
24
0
2
14
417
574
10
12
31
54
730
23
1
0
7
320
554
555
71
44
11
75
772
230
30
3
1
0
10
13
4
13
40
25
741
242
3
143
20
517
731
122
21
5
1
2
212
75
44
5
44
33
50
7
14
3
3
0
3
5
743
720
1
54
227
5
50
243
542
747
204
205
1
11
534
54
77
35
703
0
0
55
375
2
42
570
202
10
5
224
1
2
3
75
7
0
37
37
20
4
31
5
474
3
155
732
0
73
3
2
5
1
4
730
2
41
224
723
1
740
2
7
32
7
2
247
2
723
22
21
121
5
732
3
2
450
317
4
324
40
0
10
4
2
50
4
4
0
274
100
2
0
2
52
4
447
27
42
55
451
730
204
501
0
0
2
240
21
15
3
450
7
31
77
350
353
7
4
225
20
7
133
2
3
55
4
34
2
0
111
10
5
527
1
54
510
754
5
7
5
725
355
21
753
2
335
403
257
74
0
717
33
354
0
2
2
723
30
457
41
3
5
5
27
55
7
7
2
745
44
3
201
3
50
0
0
3
1
0
2
15
53
445
10
2
124
3
7
0
2
33
43
37
7
1
75
215
41
174
3
145
0
23
112
573
530
40
2
23
3
11
334
0
213
3
1
24
32
107
21
1
0
4
72
551
3
73
1
4
45
43
72
1
17
7
10
44
0
1
4
1
10
1
3
7
230
52
3
404
42
754
302
0
551
4
0
474
707
4
530
757
125
722
2
73
53
22
0
144
0
244
25
3
21
7
30
1
77
537
4
4
5
544
5
207
30
44
54
4
373
5
5
333
2
401
373
12
25
47
2
71
47
4
112
214
33
543
323
70
0
1
320
1
2
2
77
321
45
714
225
530
2
217
43
43
7
4
52
7
74
207
27
22
511
51
235
214
733
570
12
2
474
7
53
4
7
70
1
577
4
40
242
52
11
35
1
777
320
527
2
31
24
33
12
173
247
17
754
3
72
22
5
117
44
707
77
235
5
111
57
70
174
704
1
520
541
44
754
4
7
523
55
1
530
57
5
410
175
0
477
250
417
42
120
3
5
13
45
7
51
45
2
420
4
44
452
144
3
5
22
4
1
2
2
75
7
703
1
134
0
4
20
71
577
221
541
7
1
54
212
7
771
133
3
21
301
71
17
7
7
77
4
1
1
350
7
4
507
147
25
722
1
71
4
147
7
5
3
17
34
1
0
42
5
35
54
1
2
0
205
724
7
30
3
0
3
51
430
215
553
0
375
0
20
17
350
7
0
53
7
310
215
2
743
423
33
55
7
5
4
73
44
30
5
20
7
272
0
515
7
357
5
154
411
0
103
242
431
4
334
7
57
542
27
737
0
24
200
513
24
2
11
2
5
2
732
5
0
37
55
400
2
513
20
4
4
50
5
543
1
51
7
755
52
57
77
52
22
4
53
5
211
0
55
3
3
3
5
442
5
7
557
54
0
1
0
7
2
74
373
3
125
5
17
21
733
23
3
5
12
702
1
140
3
23
11
13
4
45
475
503
522
74
3
100
732
53
3
7
333
24
4
0
7
105
5
33
17
75
334
533
437
450
5
7
5
110
511
530
544
145
135
4
17
4
50
31
5
1
70
225
357
505
52
522
1
157
3
0
450
4
4
2
15
0
7
232
52
57
1
52
75
51
342
517
151
4
32
317
121
43
35
0
144
7
11
72
2
15
3
44
1
750
41
554
4
347
4
25
77
31
200
5
325
22
3
301
45
2
3
50
771
717
20
735
5
54
52
7
2
20
774
70
2
721
47
22
3
7
23
435
4
13
543
30
47
50
5
1
0
2
513
7
27
41
1
154
0
20
55
4
0
7
717
2
75
70
13
210
255
42
2
22
74
45
4
10
5
732
1
23
502
0
44
20
424
53
72
7
554
57
200
52
222
2
51
55
45
23
473
43
352
223
53
3
2
5
552
32
44
22
0
70
177
52
30
5
5
7
370
22
2
533
0
444
12
1
53
7
2
44
57
1
32
121
1
3
1
3
511
5
134
37
131
27
2
270
737
35
0
57
770
2
72
10
4
5
45
374
4
53
2
1
50
7
2
1
4
75
55
427
35
212
3
32
5
72
3
2
20
757
222
0
0
1
53
750
27
0
741
54
3
5
571
520
5
55
2
0
13
174
2
445
0
10
337
24
250
4
202
45
33
22
713
23
25
557
1
51
272
72
3
2
2
27
5
102
443
41
5
2
3
44
270
120
2
72
7
1
3
77
40
3
3
41
127
34
37
47
34
5
245
113
17
47
27
31
12
5
2
335
453
247
452
2
32
145
230
703
742
7
30
174
5
752
5
3
2
72
57
12
4
55
352
54
7
22
47
0
107
375
2
7
55
40
7
7
701
0
7
23
42
550
455
501
11
4
414
0
53
51
543
47
50
777
10
72
20
401
4
3
5
31
102
1
0
53
3
334
3
1
2
421
774
2
55
4
7
35
70
3
731
2
204
22
74
77
55
103
7
2
550
20
4
7
0
15
143
1
0
541
33
0
41
701
24
40
454
4
402
4
370
7
520
724
443
4
15
374
1
21
20
0
301
45
521
0
5
40
41
52
15
54
3
13
734
543
37
2
3
245
2
3
1
54
104
4
1
37
175
541
72
52
134
3
114
2
0
50
7
250
255
1
114
42
1
4
3
1
75
447
53
1
40
2
47
2
5
47
50
217
4
45
52
34
3
55
4
34
411
571
35
474
752
24
0
20
7
45
21
7
2
41
7
577
540
21
3
4
540
51
4
304
77
252
42
223
33
234
700
3
773
71
31
3
5
3
427
512
3
7
733
3
503
400
2
213
2
0
43
17
4
3
55
32
4
500
35
0
1
337
107
344
4
45
300
27
5
4
1
33
44
4
3
33
21
174
742
21
152
1
13
2
5
30
5
57
50
72
5
4
31
10
272
74
335
23
727
1
53
3
4
257
4
10
457
730
41
3
525
24
135
27
4
0
47
225
2
531
470
40
477
412
242
7
744
3
32
0
1
71
514
2
2
0
70
2
32
4
20
23
37
455
7
211
152
4
717
53
1
512
10
355
12
2
10
55
4
407
0
3
35
423
754
77
505
7
55
370
472
72
15
34
72
4
50
770
45
21
7
232
47
51
5
53
0
0
544
401
353
304
37
342
410
5
1
330
23
445
1
51
44
4
7
254
10
4
7
71
41
0
2
17
0
54
4
54
75
77
201
353
0
11
303
330
55
47
42
2
435
431
3
50
701
357
1
4
4
2
315
55
5
52
21
5
0
17
753
47
715
322
171
5
5
71
0
2
3
730
4
52
5
7
420
54
71
51
33
405
52
2
30
3
24
2
7
423
15
344
2
17
4
11
457
51
0
15
25
75
4
114
30
53
324
4
1
5
407
44
5
731
27
70
5
724
725
0
4
704
704
30
1
273
447
731
401
52
0
43
2
52
73
13
3
575
13
1
305
44
373
3
141
12
154
344
5
0
5
11
70
557
0
17
27
514
0
255
5
234
721
155
74
335
217
575
0
277
122
751
7
32
7
700
230
5
413
2
410
7
7
140
301
35
72
23
24
2
220
40
13
30
4
2
25
47
72
252
511
7
51
3
72
304
3
71
4
3
35
35
12
0
330
335
41
30
102
3
7
423
7
0
3
47
10
57
52
702
174
7
171
23
15
31
7
23
133
2
0
1
53
435
7
11
5
552
40
24
73
3
22
542
43
557
32
1
14
232
2
13
447
2
5
430
77
471
51
70
43
73
477
7
74
40
7
3
51
7
33
52
700
570
540
1
11
41
203
30
5
7
10
431
2
47
1
23
2
412
135
11
2
1
332
4
4
75
73
75
2
5
314
5
3
42
4
3
5
4
17
222
5
43
152
244
125
102
314
0
107
424
372
33
5
127
107
11
71
21
257
233
73
351
12
3
71
51
15
5
7
7
504
5
427
4
11
15
40
57
71
54
222
0
71
330
77
77
341
57
25
75
421
30
77
7
50
743
1
704
0
300
10
2
3
151
0
4
41
73
0
25
53
737
214
35
5
312
4
5
401
110
1
71
20
773
320
3
52
2
22
7
47
377
3
4
157
3
7
5
3
502
2
3
0
4
442
30
71
1
5
5
774
247
40
42
2
511
401
110
12
221
0
54
7
523
5
51
131
0
14
55
100
7
435
34
71
170
27
27
51
5
73
270
77
40
42
13
7
530
1
54
473
17
4
73
3
2
2
3
0
3
40
102
0
4
1
75
13
35
2
50
5
3
427
757
5
0
23
157
45
41
5
0
5
1
7
4
54
222
241
153
4
2
455
272
33
27
31
22
15
1
23
27
42
71
331
25
3
31
0
5
12
10
27
51
3
2
4
742
730
51
2
5
10
0
17
4
14
71
71
3
304
354
7
333
152
454
723
0
5
13
2
1
4
57
0
321
73
3
451
4
117
3
5
11
4
21
0
0
217
30
751
7
247
41
31
41
231
35
215
757
457
740
71
11
771
3
74
125
51
213
41
335
7
551
2
211
400
0
335
353
15
0
0
71
554
5
1
5
344
7
73
7
324
422
235
7
73
0
0
53
315
4
51
55
705
7
474
275
413
451
7
373
570
32
0
74
1
23
11
243
507
375
22
15
7
15
24
45
103
447
23
5
710
35
3
240
232
1
114
705
7
3
732
4
437
7
5
703
32
1
44
52
10
510
17
140
2
2
7
225
0
1
425
40
734
7
20
704
42
0
557
1
4
57
17
2
0
2
3
0
1
5
0
0
211
15
413
3
7
5
22
7
44
52
10
7
4
72
435
4
4
503
51
4
300
54
70
701
500
72
4
4
545
41
27
35
37
3
44
42
0
577
0
4
742
44
57
313
75
724
0
1
547
75
231
7
252
514
13
21
3
37
7
2
57
725
42
0
70
432
145
52
534
25
244
41
74
2
11
47
512
23
5
4
757
5
34
50
1
711
5
33
55
24
0
2
4
1
23
54
57
5
2
7
2
4
34
74
3
4
2
5
451
127
307
30
753
1
505
122
40
340
304
57
7
157
2
51
5
753
4
3
23
31
1
70
477
45
73
771
3
55
512
71
4
37
1
72
4
44
40
32
1
703
25
775
4
447
21
4
51
240
1
331
340
35
772
4
24
0
5
0
10
147
572
7
1
34
4
330
1
447
4
7
523
3
323
5
10
4
0
0
0
5
4
3
353
717
723
5
27
33
204
73
41
3
507
241
1
14
53
4
40
7
52
5
122
122
0
77
40
572
1
54
473
2
4
5
7
5
527
325
1
377
27
52
3
520
3
232
7
77
27
50
7
2
4
0
302
0
7
513
340
5
0
120
52
1
0
3
54
1
7
10
527
72
11
23
77
7
430
3
21
3
75
3
10
4
53
14
433
5
4
25
514
4
40
154
74
4
735
5
420
747
15
4
3
5
41
0
0
254
47
410
230
47
340
17
22
74
2
1
451
503
73
71
42
254
51
0
213
702
2
33
0
527
37
572
7
42
5
43
373
1
3
5
5
22
5
32
3
3
3
74
0
5
7
455
332
50
1
1
5
275
5
4
0
755
2
315
1
53
1
0
75
421
31
10
275
71
21
273
751
71
72
415
124
72
1
0
3
14
473
254
40
0
3
1
24
4
4
750
23
1
54
203
4
27
21
7
3
170
2
22
3
7
3
335
21
4
134
7
43
4
34
7
403
574
12
7
442
272
21
4
4
24
502
117
101
47
0
1
1
4
212
25
3
44
5
700
1
44
121
737
4
77
524
3
702
2
542
0
237
4
0
7
2
45
752
753
32
4
12
4
175
1
334
13
3
2
3
7
403
43
1
115
17
5
447
0
401
7
7
301
25
512
5
515
47
53
7
4
7
100
30
57
43
3
55
274
45
4
215
2
511
24
7
34
254
44
331
527
1
7
525
3
43
0
35
572
4
7
723
555
52
52
2
4
1
2
0
125
23
3
445
3
3
55
7
0
57
13
0
27
514
21
53
472
3
120
5
3
4
21
0
2
750
500
150
4
5
7
57
0
225
5
444
42
77
24
732
13
7
333
571
22
50
541
520
347
555
32
3
51
0
20
3
230
41
3
124
0
47
37
2
375
311
1
12
0
0
1
521
273
3
21
247
17
731
122
3
404
205
321
23
7
2
27
0
50
3
74
20
3
522
3
57
34
3
410
730
14
5
0
25
20
0
4
3
50
453
24
4
3
7
547
30
3
35
7
224
472
3
350
41
4
2
3
300
1
43
514
771
21
777
12
24
4
4
4
0
53
0
770
37
215
200
55
30
0
0
72
4
13
5
3
211
0
7
42
530
5
45
117
74
455
4
1
305
24
2
1
7
70
40
7
312
215
1
520
732
13
271
74
3
70
17
52
355
1
307
512
0
732
0
375
723
73
1
22
5
0
72
417
7
534
5
2
5
154
0
3
7
17
224
4
171
545
35
2
7
5
1
74
133
24
31
72
543
252
502
7
2
53
3
420
5
7
474
743
510
311
144
7
20
13
7
13
571
2
7
12
502
240
51
701
7
4
40
44
772
3
2
3
14
43
0
43
205
704
5
21
15
2
47
101
1
12
71
3
31
1
213
51
52
2
201
4
253
43
12
717
5
545
27
401
143
52
750
43
354
0
201
12
542
3
27
5
554
70
11
40
0
5
1
7
50
53
47
137
33
475
7
720
2
52
11
140
2
7
40
524
344
72
717
4
432
37
37
40
3
30
435
510
42
5
74
4
4
22
40
4
407
77
2
0
11
5
7
57
403
37
274
51
71
403
773
2
7
5
244
0
2
215
1
20
3
774
14
351
57
2
544
4
1
7
530
4
212
3
2
52
450
33
70
0
33
53
42
730
432
412
2
13
0
421
5
0
350
775
2
52
501
344
477
37
41
3
230
737
3
147
75
0
3
752
232
240
34
121
0
352
702
0
0
2
4
23
437
7
775
75
74
3
77
143
375
2
13
225
2
27
453
72
1
41
0
2
2
243
325
54
204
252
10
13
25
27
32
1
3
0
703
4
4
3
12
2
4
5
4
2
4
11
52
2
512
154
3
4
257
754
70
222
7
7
73
33
2
12
22
35
325
204
50
10
433
71
3
712
51
717
1
1
5
21
1
774
0
7
42
57
232
432
13
15
351
1
142
0
1
7
171
4
52
17
743
1
1
421
370
51
75
42
47
43
0
135
243
43
53
13
270
454
721
3
31
2
25
7
342
7
30
1
154
0
43
337
735
252
141
0
34
57
0
711
4
557
2
2
41
254
0
0
50
0
7
4
53
7
2
7
27
370
223
74
0
7
5
1
442
205
15
331
1
23
2
20
2
202
13
132
551
54
232
701
7
452
312
23
0
25
327
33
30
55
34
0
275
5
547
224
240
3
5
7
405
71
30
1
257
1
7
731
573
71
52
52
2
7
1
31
7
425
773
407
4
53
1
40
25
10
4
0
247
17
1
714
53
1
2
117
57
31
77
5
70
20
351
23
32
0
73
254
0
454
51
51
23
43
215
517
37
5
475
342
45
55
0
754
5
17
55
13
2
74
74
43
704
35
71
215
324
2
5
1
1
0
0
150
30
4
3
7
5
557
2
74
223
5
3
570
473
24
10
57
433
2
45
274
512
51
0
0
417
72
12
7
70
213
5
2
1
702
31
1
4
337
44
521
54
133
7
17
547
2
75
73
52
20
320
5
2
73
5
4
213
5
75
47
0
57
415
2
371
5
57
1
150
7
20
711
1
34
3
12
5
173
215
4
734
3
50
51
5
105
7
547
4
4
4
7
3
3
72
231
2
25
524
3
3
1
134
75
3
143
5
1
13
351
74
17
5
51
51
5
52
3
1
30
7
705
4
4
2
475
44
3
404
4
45
700
313
2
5
40
157
44
341
5
2
74
300
2
3
31
575
211
53
41
7
25
30
4
75
154
1
3
35
70
3
7
37
525
21
73
53
471
55
5
133
420
370
7
0
2
772
55
2
4
15
11
277
27
2
44
1
30
1
573
2
13
12
1
133
57
47
721
53
27
3
502
5
224
5
220
72
2
34
5
730
2
54
24
573
25
52
5
2
5
37
74
152
13
0
7
71
112
353
340
2
37
342
52
252
231
775
74
2
354
41
52
35
2
4
53
35
5
251
421
27
7
273
44
274
517
151
213
202
77
250
514
25
175
0
42
1
115
411
5
34
2
2
51
752
2
5
103
17
0
155
554
5
354
54
17
3
502
77
0
34
41
73
10
45
342
15
414
4
470
53
4
40
4
51
340
77
3
540
532
32
401
1
2
4
25
4
203
71
54
70
30
51
273
35
745
3
1
1
3
30
2
121
703
21
43
1
733
53
233
54
0
57
4
5
723
30
1
71
1
7
214
1
72
54
107
740
1
5
4
2
2
40
2
151
2
4
537
503
11
73
73
23
230
25
2
105
30
7
7
240
0
733
127
74
101
417
2
0
114
13
30
5
200
43
10
3
27
1
3
1
21
71
75
304
7
22
352
24
203
30
11
4
444
71
3
5
113
72
2
3
2
23
33
15
4
42
5
7
4
730
4
25
2
73
3
51
275
557
20
11
7
4
0
533
74
2
525
212
10
111
757
2
3
41
0
124
230
5
15
5
51
350
53
7
0
54
477
711
7
21
532
3
2
434
275
0
52
44
7
733
13
4
711
35
51
21
4
54
4
43
5
332
0
72
311
51
22
541
47
4
0
1
2
4
3
32
4
70
27
303
234
737
2
4
244
107
232
24
71
40
1
1
131
212
7
7
7
1
343
425
1
1
3
3
3
21
3
27
522
1
243
33
551
0
33
50
15
5
4
453
1
200
5
5
7
133
437
253
3
402
52
4
5
5
57
2
5
730
31
1
741
542
20
42
200
0
2
42
27
7
135
733
5
357
25
55
0
0
424
54
0
41
7
1
37
1
0
37
417
5
505
3
2
115
1
3
2
25
35
7
734
54
3
145
74
444
573
4
3
42
445
741
502
7
21
12
152
105
2
1
273
7
3
372
4
215
454
7
2
251
527
7
2
55
32
34
473
37
0
230
327
0
5
54
22
21
501
32
541
41
31
22
35
74
20
3
14
55
7
70
4
7
233
372
7
33
270
11
4
513
74
74
42
7
4
2
42
12
1
3
7
12
27
75
4
121
3
7
1
5
230
40
3
71
75
2
47
340
53
37
2
7
543
7
217
0
7
0
12
7
2
10
475
7
41
414
74
45
37
210
4
24
271
1
7
52
14
10
74
33
245
24
52
53
40
13
7
4
100
34
714
4
0
5
3
45
3
37
277
33
47
320
4
745
7
40
24
47
1
2
3
2
57
223
2
30
3
302
30
23
0
30
3
0
12
530
1
473
11
15
5
1
51
1
3
2
4
412
215
37
125
311
75
35
722
53
15
44
3
4
214
4
412
3
5
542
13
74
4
50
10
74
257
35
745
32
110
3
2
502
20
571
241
5
2
4
442
14
42
144
47
431
0
500
522
42
53
15
3
44
37
44
14
402
1
70
375
2
57
2
41
1
1
3
7
3
70
24
4
351
30
507
1
12
54
31
224
3
3
0
734
5
41
4
27
23
145
342
231
2
4
272
2
222
72
3
1
2
731
34
37
4
402
73
54
0
3
214
32
404
31
5
5
52
5
4
0
52
5
27
73
2
1
745
5
150
2
3
103
5
43
401
425
2
3
254
3
3
1
553
7
4
113
31
2
5
22
3
430
2
1
475
702
32
323
40
55
74
2
55
1
403
541
2
40
2
223
5
5
344
2
71
750
25
72
70
102
713
31
7
135
744
21
253
51
12
75
7
74
3
235
75
5
4
21
74
511
155
41
5
4
4
2
1
31
250
0
0
104
11
1
233
74
7
7
313
143
715
573
74
573
5
101
2
273
4
5
34
451
44
7
751
153
0
20
5
24
421
50
3
5
25
13
720
201
42
441
4
410
324
41
7
3
2
3
12
131
553
305
23
341
437
3
2
741
32
37
2
21
7
25
434
0
75
3
24
4
5
57
1
73
13
34
2
7
57
0
342
4
5
10
173
2
5
473
31
3
2
212
40
414
771
20
34
13
40
5
53
5
30
7
132
77
12
3
5
520
0
0
4
453
0
2
204
743
70
1
370
434
24
405
40
1
273
27
0
1
10
50
5
5
4
403
10
4
24
455
41
0
1
34
5
43
721
2
7
114
0
7
32
727
5
473
73
322
7
52
22
4
44
3
201
712
743
7
21
124
34
302
1
3
4
52
31
5
1
5
2
7
57
5
1
575
575
34
50
170
7
4
0
2
3
44
27
107
15
5
1
20
123
20
251
344
5
4
45
574
352
4
735
71
71
172
3
5
770
47
17
442
7
304
71
73
0
313
51
37
27
412
7
42
14
2
51
171
3
0
7
21
434
1
4
71
2
23
442
5
24
5
447
535
2
10
174
1
354
0
33
50
4
713
4
54
207
33
17
531
75
45
3
1
727
727
777
5
2
175
47
11
504
44
523
7
31
530
5
143
4
32
55
15
3
52
10
307
3
0
1
7
54
473
70
2
5
1
17
1
7
30
4
514
1
33
54
1
530
71
4
500
543
121
45
54
0
0
35
375
730
750
22
515
157
7
72
54
722
721
100
4
504
4
0
22
3
537
17
34
2
5
40
30
25
11
20
2
31
3
1
0
1
40
7
445
54
3
3
0
5
15
705
24
702
20
4
35
57
22
0
517
572
741
425
7
17
5
77
1
0
103
0
351
1
3
20
157
3
255
77
35
21
40
0
70
41
542
4
57
322
125
14
15
2
130
537
0
704
123
1
155
572
73
231
5
334
5
0
3
72
24
73
7
41
541
75
4
357
12
230
100
130
421
32
37
37
2
41
70
0
57
5
403
1
235
24
35
71
311
512
3
51
453
4
2
0
30
435
1
545
243
50
44
317
133
741
2
0
5
353
574
544
570
5
753
5
52
5
52
31
2
12
4
407
124
5
1
322
0
4
44
41
212
42
47
11
4
555
3
31
7
31
34
173
5
70
31
47
35
300
5
35
75
3
34
57
2
1
542
737
133
53
2
3
341
537
5
74
5
12
34
55
747
3
74
2
30
373
53
0
40
235
32
0
2
2
1
73
42
711
1
4
2
431
500
754
3
0
717
244
21
32
24
5
21
37
20
4
701
33
73
1
414
2
0
532
110
257
2
2
0
35
3
4
11
0
5
4
77
2
4
5
4
50
2
550
522
2
255
330
757
4
4
72
35
3
24
5
2
1
323
52
517
7
71
3
751
15
5
7
5
3
4
33
1
37
15
54
42
0
35
1
54
233
14
131
20
3
54
342
450
7
272
117
44
177
5
52
17
151
2
37
335
7
35
3
4
45
4
25
52
51
2
4
237
0
4
750
433
422
0
52
132
75
0
2
321
235
154
14
35
2
77
273
377
5
72
4
17
254
1
441
3
0
7
3
700
454
4
5
5
2
4
320
17
2
243
75
70
3
551
30
714
72
55
21
45
37
4
4
301
241
31
7
4
770
7
2
3
503
13
33
544
73
0
55
73
77
1
70
14
54
300
2
5
51
315
224
13
4
72
27
7
55
12
471
7
2
34
30
34
5
133
555
5
5
71
1
534
1
77
57
0
2
55
3
3
5
5
2
5
751
4
1
4
115
0
474
3
2
1
4
35
40
13
250
437
5
7
57
4
20
12
11
14
11
5
73
33
0
3
4
5
1
422
513
53
52
11
37
3
4
44
2
2
34
43
72
1
57
2
22
5
2
12
42
40
75
713
27
544
27
17
57
5
3
5
113
510
74
10
431
5
3
41
4
31
7
125
22
13
7
33
430
321
30
3
0
454
53
15
44
54
301
150
75
0
27
2
47
21
413
5
4
33
7
3
21
0
43
4
75
75
342
4
372
5
5
54
5
43
234
323
2
1
2
713
73
422
3
73
2
751
24
35
724
31
23
70
5
4
5
0
720
2
1
3
75
2
41
3
0
4
552
200
510
35
5
451
70
7
1
203
747
3
54
577
7
144
25
53
54
23
0
21
4
4
0
2
35
500
571
11
5
723
253
40
40
0
40
747
3
347
15
45
10
112
405
20
2
71
14
101
303
441
43
22
5
550
0
273
307
41
5
5
107
30
7
3
10
5
537
710
442
37
1
4
4
533
7
721
2
4
37
0
71
402
5
51
5
547
471
7
245
32
571
1
33
72
7
55
12
4
101
54
4
5
155
515
4
420
45
0
2
0
474
4
7
2
2
115
5
41
725
1
375
20
4
523
44
20
523
337
7
3
25
1
522
73
3
0
2
5
50
3
531
2
40
34
371
4
437
55
217
1
74
3
1
73
3
373
0
455
43
500
4
34
4
70
5
5
577
35
12
5
212
52
575
73
13
5
710
3
305
4
300
735
0
5
33
757
242
42
7
44
75
233
1
21
45
503
2
2
1
51
415
422
107
11
32
7
212
5
44
4
502
1
3
2
21
0
774
21
32
71
4
472
23
143
0
204
3
535
73
472
401
3
11
7
14
742
35
111
50
14
12
2
2
2
7
7
45
4
1
452
43
4
7
57
437
1
7
1
3
33
0
11
2
723
2
7
142
45
2
3
3
2
537
53
50
3
77
223
4
232
132
444
5
14
77
334
371
1
0
2
704
1
4
700
41
750
5
505
3
1
5
1
23
2
7
42
5
270
13
745
34
40
2
542
54
424
10
7
7
2
715
543
7
537
0
717
5
712
374
1
55
4
7
44
7
2
0
25
0
23
22
14
2
405
45
3
3
334
40
47
23
21
5
5
22
4
472
243
102
14
540
730
77
5
3
271
72
5
1
45
71
212
777
144
453
51
274
251
2
7
414
3
23
57
0
74
0
43
25
52
1
121
1
0
3
21
542
4
53
4
37
47
517
27
54
45
255
1
414
711
2
7
172
31
11
7
22
123
720
3
742
552
0
304
3
31
74
0
32
1
3
5
5
73
5
10
732
4
740
773
331
32
230
7
5
214
3
5
0
20
721
2
27
414
7
0
4
22
103
5
31
4
5
2
75
274
34
32
557
5
1
0
0
3
7
1
132
2
2
0
753
53
104
35
704
0
70
34
0
4
5
51
24
557
30
30
0
75
201
220
201
0
707
2
5
54
7
702
1
502
3
2
1
723
313
27
777
5
732
23
4
241
554
0
124
573
1
0
2
23
0
2
5
434
53
27
2
0
7
1
422
42
52
7
4
452
74
7
41
541
1
13
12
5
400
4
43
542
0
230
1
531
1
77
573
257
4
5
5
1
3
22
4
204
23
0
72
51
510
41
7
11
42
711
2
7
1
3
407
7
51
5
3
517
0
535
41
5
12
7
1
2
2
4
43
4
0
752
175
204
73
5
373
75
735
3
7
445
700
20
341
2
34
32
0
51
5
40
74
10
552
31
4
4
177
0
44
4
473
3
3
742
307
124
154
30
52
5
72
51
252
71
720
0
7
272
20
54
11
4
515
5
47
41
1
502
25
24
15
214
174
31
13
403
2
355
72
347
47
372
322
5
532
1
4
302
330
15
4
22
1
5
43
41
3
20
52
4
24
5
5
0
511
205
0
7
34
7
25
20
210
0
20
2
705
525
72
22
0
2
20
13
0
3
0
7
0
2
133
32
33
10
505
5
3
7
3
2
15
11
7
74
5
5
75
5
2
7
42
342
5
37
0
534
51
57
422
30
2
55
275
3
17
174
75
3
45
7
1
17
745
47
44
30
15
10
423
2
3
27
733
352
251
2
0
30
7
12
435
1
33
72
575
3
22
27
4
5
7
37
5
13
703
0
2
25
35
57
544
4
0
727
34
51
12
521
7
2
2
34
40
307
57
1
17
535
40
32
724
7
3
47
31
5
55
214
2
21
40
3
757
745
7
47
3
310
3
7
430
433
15
33
2
5
3
37
74
7
3
202
7
0
752
113
307
51
5
5
415
334
47
20
1
141
2
51
3
30
52
55
0
25
42
421
53
5
0
27
17
4
750
57
45
12
413
713
4
2
557
74
304
704
43
457
404
72
773
127
0
77
4
534
1
52
17
1
35
11
53
57
1
50
4
505
1
0
1
34
2
2
0
7
735
42
0
432
75
43
75
7
15
410
0
5
105
27
0
44
121
51
1
4
2
25
77
72
22
447
271
71
72
131
720
74
23
4
427
24
2
2
715
304
7
703
0
200
7
472
514
42
411
0
432
23
242
43
541
274
315
53
377
1
77
5
440
4
1
735
11
4
31
102
1
774
477
20
17
75
2
3
50
174
33
1
501
74
32
433
44
403
457
54
77
20
47
4
41
730
5
745
5
52
10
372
71
11
743
151
5
1
72
172
5
510
24
213
1
2
11
200
1
530
75
710
107
50
742
107
271
7
20
25
42
0
712
0
41
37
757
154
0
77
31
577
5
137
431
1
24
53
44
735
1
1
10
232
153
740
337
2
41
552
31
131
3
735
54
1
534
1
50
3
32
721
715
12
333
7
3
323
157
470
2
712
515
2
5
700
425
2
104
4
55
310
44
13
3
13
4
15
42
17
5
57
25
2
24
2
5
7
744
70
5
4
5
0
3
3
3
0
22
530
3
473
3
3
440
7
4
413
3
21
55
75
5
4
0
5
242
0
341
41
3
0
1
15
1
4
14
20
0
721
17
54
4
1
327
2
237
437
554
275
24
412
21
22
51
453
1
700
745
1
707
511
573
553
32
3
2
23
1
7
300
4
4
0
57
0
57
224
40
73
72
445
272
7
727
0
155
21
7
753
2
21
3
15
700
704
43
53
707
3
13
1
4
5
15
433
77
137
77
43
4
0
43
224
44
41
52
445
25
2
4
0
5
574
231
7
714
2
2
3
37
2
121
33
513
453
540
53
4
7
34
470
53
435
773
5
107
12
235
4
7
51
4
72
14
37
4
53
44
47
57
20
1
0
710
2
75
30
7
5
35
70
13
401
14
5
575
5
4
72
725
43
141
1
71
32
107
1
472
5
371
22
77
372
7
4
12
1
10
53
252
221
1
300
534
0
21
4
305
7
4
54
2
32
21
550
52
1
2
17
55
45
4
4
4
75
5
47
47
2
21
0
7
3
55
0
45
22
452
12
504
1
73
71
0
27
51
4
1
10
770
75
3
21
21
4
12
355
11
3
347
324
5
7
2
4
24
2
27
414
30
5
734
44
2
57
513
4
27
330
7
71
3
52
7
2
253
3
573
24
414
0
4
41
33
327
2
14
4
3
7
3
25
2
3
7
7
3
111
7
15
331
7
32
4
1
740
275
5
400
2
43
0
300
303
24
1
14
53
1
12
734
4
130
53
13
34
75
43
213
37
54
723
5
553
52
342
127
532
251
513
3
50
3
0
22
17
0
5
31
7
2
751
102
7
57
37
235
27
34
44
74
4
1
1
12
5
2
3
21
5
541
34
475
71
47
227
2
204
50
3
71
401
74
20
7
330
341
752
7
1
5
74
32
2
431
43
35
33
3
50
0
74
754
11
1
1
3
54
701
3
3
14
551
7
54
725
234
172
33
0
0
1
2
5
5
131
55
13
277
1
4
7
2
470
751
400
2
247
727
13
173
300
52
34
4
50
741
33
35
13
42
0
25
332
730
20
725
74
7
727
504
170
714
42
57
351
540
7
104
35
120
1
41
702
2
703
22
0
24
21
3
5
4
220
371
4
352
3
4
235
2
2
245
52
131
103
713
105
123
573
40
530
1
1
410
1
37
3
22
5
170
51
2
3
5
3
52
300
324
7
7
4
7
4
3
14
1
130
11
311
41
0
41
1
1
31
42
274
24
30
14
20
310
