21
447
274
352
75
4
754
4
720
5
30
3
4
77
1
123
725
372
5
414
3
0
22
220
472
471
4
3
0
5
24
5
205
437
2
7
545
57
342
4
42
3
0
55
33
74
4
4
417
4
2
7
3
2
7
3
4
37
4
443
0
1
752
770
70
44
3
53
471
5
72
4
14
172
425
7
422
735
14
445
41
733
4
471
153
0
45
4
11
5
5
5
117
35
22
212
57
173
31
13
11
3
147
7
5
0
432
7
1
13
2
2
3
540
4
4
45
425
53
2
4
14
533
5
7
1
722
353
702
2
4
243
30
200
7
4
4
2
2
212
3
5
42
132
1
22
443
0
2
4
52
54
320
21
54
244
21
42
274
750
12
111
41
54
57
4
24
55
524
7
14
5
17
4
134
3
3
73
373
5
27
15
170
2
70
0
711
570
35
2
105
41
2
10
1
44
27
0
1
34
775
137
43
7
572
27
5
542
240
0
0
21
0
240
5
2
27
7
755
5
57
77
707
14
3
10
34
27
41
7
74
132
57
302
43
71
32
47
213
7
541
5
52
1
752
7
71
54
7
4
750
10
3
0
572
2
411
3
4
544
0
0
0
40
75
3
4
424
72
1
352
3
23
24
730
35
52
74
51
440
52
533
7
403
0
121
7
34
323
2
41
1
125
37
54
5
17
4
72
14
102
45
44
1
25
37
21
74
34
432
25
2
501
7
4
715
5
320
7
203
2
3
520
77
203
5
1
4
7
23
177
1
47
47
1
5
3
1
0
53
33
42
31
7
5
434
4
0
75
44
0
34
723
77
50
11
233
21
2
233
4
14
47
7
357
44
3
102
5
54
27
32
57
11
153
7
345
442
751
53
4
351
50
375
23
35
50
370
33
210
41
4
7
715
703
72
77
4
7
42
357
0
4
774
54
7
72
1
30
73
52
51
415
5
4
11
170
72
74
522
172
730
4
0
27
445
51
122
2
7
41
1
77
42
5
47
350
52
2
77
2
37
75
53
543
2
41
27
43
1
43
30
5
43
3
74
1
2
0
230
221
7
25
1
427
5
0
0
150
5
420
2
251
10
423
4
571
704
3
403
177
124
41
705
13
5
153
13
33
524
1
3
7
47
2
2
14
7
7
75
2
2
13
31
7
224
40
1
3
5
304
5
425
772
47
51
1
572
1
45
44
5
422
7
5
557
737
320
524
777
30
2
434
54
7
107
2
5
14
1
155
10
1
7
52
33
507
21
507
14
2
5
25
520
0
57
42
700
72
11
1
7
2
727
41
1
124
17
31
42
5
4
3
4
5
213
557
13
51
33
5
351
142
114
104
13
11
77
31
371
577
104
20
0
20
52
4
54
7
31
72
11
74
3
3
11
377
0
1
1
42
502
52
34
22
340
44
0
7
17
47
1
523
32
55
72
757
7
10
77
23
12
732
51
32
277
50
7
4
47
14
17
70
431
3
3
500
403
1
17
57
440
53
7
4
2
22
372
500
555
212
7
503
2
4
1
2
0
5
105
5
0
0
4
3
3
5
3
4
1
4
12
3
4
2
215
4
703
511
4
55
20
73
150
517
30
244
350
345
1
2
11
2
72
510
541
7
342
4
24
42
1
1
1
3
0
0
47
24
122
0
275
5
35
52
513
31
543
110
72
2
257
75
742
45
234
7
0
2
422
702
14
275
52
701
231
7
5
404
57
1
443
22
244
474
5
733
30
2
0
42
702
24
44
337
32
2
475
1
73
534
2
41
3
21
2
1
3
1
1
20
2
5
51
241
434
5
53
404
531
371
75
5
5
202
302
73
3
254
7
10
741
225
734
12
257
0
414
4
44
71
4
341
71
530
7
2
277
502
47
10
71
14
12
700
5
533
1
2
217
750
14
230
51
5
112
32
34
5
1
577
50
54
777
5
441
34
370
112
722
0
4
5
114
232
21
7
45
4
35
504
131
72
755
7
132
47
251
53
34
3
42
253
725
44
2
515
7
57
7
55
0
1
23
772
5
1
14
754
75
2
1
210
70
51
55
31
7
22
3
51
11
55
7
5
527
53
25
5
2
43
402
2
54
4
75
1
7
401
214
4
3
2
172
13
5
4
337
3
1
2
0
55
451
35
37
273
3
550
7
225
53
411
50
23
21
220
10
14
515
7
13
0
7
445
30
153
4
77
1
2
7
43
33
7
2
422
2
145
731
5
412
333
0
115
15
445
4
1
0
2
2
5
32
14
14
522
24
4
1
133
52
23
7
75
217
7
14
201
4
