0
124
22
2
21
72
737
35
7
305
277
12
3
2
771
21
4
134
233
32
72
3
514
251
2
115
775
3
40
5
10
7
11
424
31
0
40
3
70
2
2
40
10
5
31
33
2
40
15
11
4
554
27
0
757
3
507
574
735
5
2
12
3
0
1
753
5
253
1
70
125
11
0
27
501
0
0
2
42
0
7
4
7
47
1
724
333
40
35
12
227
7
1
25
555
33
37
733
0
5
7
743
211
314
34
72
201
5
45
313
704
3
4
1
2
7
14
2
3
2
370
31
43
17
1
303
32
250
1
217
24
1
277
324
53
5
434
10
525
723
754
3
443
2
17
403
202
72
4
5
1
33
15
71
145
31
7
350
171
577
242
210
5
53
0
4
105
4
44
1
457
3
1
13
0
751
73
315
550
417
7
53
4
12
1
727
32
1
3
104
7
15
35
412
7
231
3
217
1
41
1
757
37
2
0
51
23
57
31
5
320
5
15
203
10
24
72
3
732
27
4
400
5
73
3
32
2
3
105
15
5
507
204
2
2
15
501
43
744
57
11
144
713
417
221
707
732
7
530
235
317
20
30
37
0
7
30
5
1
57
3
0
1
253
1
13
574
347
1
73
1
4
1
405
5
373
43
7
17
174
240
44
3
447
3
222
3
333
441
24
372
1
7
73
3
73
101
3
5
174
3
351
5
4
74
0
3
51
0
4
2
4
442
32
5
2
235
33
5
457
37
7
10
11
1
54
17
3
1
4
3
7
4
44
317
230
5
7
4
5
424
1
230
3
47
713
7
72
212
1
43
0
347
12
4
1
0
41
102
217
0
453
150
734
0
5
11
31
77
117
2
15
7
1
23
4
1
757
5
0
34
55
25
41
472
243
775
55
53
2
713
7
5
4
53
5
2
30
73
145
27
153
333
17
50
24
773
531
33
23
21
4
424
4
12
307
7
2
107
110
754
20
11
715
53
7
14
32
452
130
353
1
5
311
21
155
750
2
1
32
52
3
4
407
255
3
7
400
51
3
42
41
253
2
0
303
7
7
7
237
501
40
4
0
4
5
51
0
41
5
3
42
773
2
77
12
575
2
42
0
1
2
2
232
53
21
57
1
27
4
33
437
3
77
0
5
2
71
4
5
5
135
174
4
11
72
71
7
451
745
247
4
504
42
3
51
2
113
140
55
17
317
0
1
2
72
37
0
7
521
17
3
77
10
1
777
4
23
12
233
4
2
431
51
31
712
471
31
730
5
124
77
733
307
5
11
3
5
0
1
125
15
14
4
347
3
441
503
70
35
70
7
5
2
20
722
3
413
1
3
33
214
55
17
3
515
25
7
344
340
337
44
74
0
5
7
43
513
570
5
471
471
220
234
27
2
250
54
21
27
2
40
30
0
5
77
2
510
4
5
5
1
1
227
0
420
1
5
11
7
304
0
1
31
0
7
40
33
27
14
55
72
27
34
3
102
1
2
753
4
3
27
45
114
52
103
3
44
131
574
352
4
53
40
75
4
230
12
50
1
42
324
5
20
501
12
4
17
744
3
55
41
571
2
14
573
555
5
4
1
734
704
23
47
53
3
1
11
22
0
551
34
7
2
2
55
330
301
711
357
4
23
7
22
1
3
54
545
54
2
0
44
273
74
200
33
2
435
3
2
111
54
1
72
15
445
45
4
4
7
2
44
77
507
500
55
44
51
57
72
21
3
7
234
241
31
347
7
3
45
75
357
743
0
441
30
74
421
12
1
41
103
370
7
417
23
2
13
37
702
7
5
73
31
0
5
3
47
73
523
7
220
217
4
471
5
311
31
70
7
735
77
37
71
7
334
51
225
2
355
3
2
174
34
2
11
54
31
2
1
30
7
7
41
0
1
0
17
70
414
5
57
0
47
701
15
33
4
2
2
7
53
474
477
1
5
74
0
1
5
225
103
5
2
425
5
727
73
7
450
1
70
315
5
23
45
0
72
1
77
4
0
2
757
112
307
3
157
2
230
5
511
33
737
4
73
72
0
4
1
431
44
51
11
22
5
17
20
475
223
22
5
507
5
417
3
432
1
254
353
100
13
1
1
25
457
23
773
13
457
477
17
50
41
45
7
0
42
13
3
1
5
33
2
5
325
310
452
5
53
503
74
25
200
5
31
45
5
10
2
21
14
3
74
2
3
3
5
5
375
0
5
7
141
305
4
0
570
340
11
115
15
0
2
1
411
14
214
51
72
1
731
1
51
4
524
55
351
325
27
7
23
4
404
73
423
2
13
7
2
473
7
3
313
747
20
120
252
2
4
7
45
4
52
0
1
4
752
313
74
252
255
54
7
4
13
2
773
1
47
22
450
10
5
54
51
5
3
2
1
1
1
3
123
443
277
445
5
1
2
2
1
5
4
3
31
7
47
73
7
3
35
315
77
3
4
15
7
277
1
21
442
5
43
377
74
44
711
43
51
77
0
3
5
70
5
320
45
41
5
775
475
340
54
20
3
3
135
45
1
101
2
240
20
55
237
1
3
2
3
44
73
22
471
73
5
7
42
5
440
50
4
3
2
313
23
453
4
31
457
22
4
73
1
0
4
41
71
42
75
305
352
37
2
240
3
55
45
1
223
3
3
54
171
554
0
244
454
10
57
5
32
133
1
71
1
4
12
7
722
175
5
234
2
71
434
14
107
420
421
43
33
753
15
73
447
172
3
51
1
17
322
12
37
41
54
10
747
4
5
445
770
420
72
750
5
5
1
25
0
23
452
307
5
424
70
271
2
2
273
7
42
344
13
103
5
47
241
772
53
4
5
17
0
1
35
101
21
755
2
4
711
25
45
215
4
50
50
214
13
11
144
5
7
337
445
125
4
7
5
3
741
0
7
2
371
772
41
113
5
51
3
0
32
742
24
50
11
10
777
30
5
753
7
0
103
0
54
103
142
4
434
22
170
32
37
7
45
3
1
34
4
42
75
51
3
22
73
70
11
3
472
45
277
77
12
4
247
772
41
12
700
143
2
0
7
14
23
401
2
0
502
7
32
327
4
251
554
5
4
0
447
4
1
777
40
30
1
3
221
0
1
54
702
445
71
17
42
402
7
7
213
717
472
17
241
7
321
230
4
0
4
3
43
0
4
17
30
343
305
2
742
5
331
7
17
23
145
11
0
7
320
0
4
7
735
5
1
5
45
15
37
4
1
1
100
74
77
3
2
4
74
323
113
121
27
12
47
751
434
30
545
75
0
0
435
51
445
2
37
0
1
130
54
24
547
5
33
244
0
5
3
5
77
720
2
302
177
7
5
2
105
1
213
0
175
5
745
527
317
137
5
4
532
522
733
0
750
5
54
352
517
10
2
41
140
1
43
0
2
534
3
504
0
4
22
17
715
47
41
10
502
21
240
3
20
33
75
5
22
34
710
2
301
33
30
21
4
14
15
2
0
272
17
41
2
23
32
14
4
0
2
13
11
701
3
317
755
51
120
22
2
707
4
43
535
4
12
320
4
50
47
57
4
1
0
27
50
3
715
1
55
152
23
3
244
437
555
7
455
2
3
3
22
402
72
122
31
43
331
2
11
21
5
553
23
52
5
43
205
717
0
0
3
7
0
32
447
247
1
23
235
7
21
25
4
13
54
4
2
53
1
30
1
1
4
1
2
421
235
70
415
443
7
731
734
27
45
112
115
537
12
47
5
252
47
43
5
3
517
1
300
24
1
4
10
31
4
301
3
1
47
4
277
74
7
75
30
743
2
47
25
14
15
432
57
452
7
1
72
52
2
30
74
1
53
312
54
170
131
21
4
113
22
212
4
372
345
234
52
7
24
1
4
42
403
453
737
0
52
54
334
330
2
35
521
437
33
10
40
517
470
240
2
53
433
2
72
34
755
34
44
34
50
2
3
704
3
573
1
7
3
3
71
234
104
0
4
103
240
433
2
505
333
2
301
314
7
205
44
310
4
713
335
11
231
41
15
5
77
25
744
7
7
313
544
3
355
52
547
74
52
3
1
257
114
3
454
504
5
3
111
477
13
21
0
3
543
104
272
4
3
0
5
2
72
34
23
734
323
25
4
43
500
340
7
54
4
330
33
0
37
175
0
157
735
13
5
10
104
10
514
5
12
50
2
4
413
77
520
320
7
7
143
7
2
7
4
50
724
352
4
20
522
51
733
153
404
20
7
310
34
77
35
72
7
445
440
242
707
7
2
34
35
45
15
440
173
1
357
107
3
142
72
757
43
33
130
42
117
3
2
2
710
472
4
0
2
5
4
22
715
414
2
7
4
51
27
2
0
350
2
2
100
0
124
2
720
772
32
755
3
4
477
20
2
23
50
545
7
5
20
37
43
3
541
51
311
23
21
14
27
7
714
0
55
304
532
755
303
53
43
4
51
537
225
5
7
4
7
7
33
37
311
44
404
4
41
42
734
333
2
14
1
411
252
1
7
454
241
475
331
745
434
3
3
51
40
1
73
3
277
533
4
13
0
10
17
755
3
11
7
415
710
22
474
24
51
2
47
72
411
137
45
423
7
74
17
4
0
4
15
433
234
5
220
71
3
500
3
715
7
13
5
531
100
5
71
1
202
2
40
4
0
500
5
553
74
44
7
1
10
21
1
4
0
5
572
42
13
544
51
25
5
7
77
7
5
7
7
43
4
4
23
4
53
10
3
31
51
72
437
4
5
345
0
715
24
5
53
20
557
2
57
5
0
1
12
272
50
1
12
75
47
2
32
17
11
123
5
51
70
51
717
1
30
723
5
504
724
5
222
4
3
3
421
4
35
4
2
373
5
554
45
2
432
5
120
40
5
52
2
551
0
5
10
0
27
72
251
41
30
4
2
47
740
155
1
42
2
5
353
454
725
0
521
311
7
13
0
772
2
53
1
41
431
42
3
4
2
7
3
0
31
3
55
455
325
507
1
17
44
137
7
130
47
4
403
557
52
757
7
3
370
21
2
341
411
77
4
1
75
2
5
20
3
45
33
174
1
117
501
33
3
510
44
427
3
1
23
752
532
4
44
124
454
10
4
43
270
2
730
2
4
73
2
42
131
37
2
110
3
3
225
1
553
271
4
15
45
50
7
1
0
2
30
4
447
511
43
50
22
10
42
44
423
301
53
2
41
414
7
341
112
400
57
2
517
7
40
1
24
502
7
370
1
40
425
45
40
0
34
4
200
73
240
45
5
44
34
300
722
203
15
701
755
5
510
7
724
51
7
0
1
1
221
2
2
415
10
3
224
100
51
11
44
504
250
1
14
3
3
42
7
5
533
57
4
2
2
140
221
312
302
74
13
222
1
77
51
27
325
25
737
7
14
3
54
131
204
53
3
77
73
22
12
7
4
0
704
775
5
277
7
11
530
3
2
7
25
7
3
302
51
5
4
3
15
211
55
245
17
3
103
775
7
5
2
173
44
3
11
4
3
33
40
337
21
77
73
3
1
2
3
0
14
30
7
3
547
4
703
22
7
24
33
130
2
5
304
3
332
332
435
47
74
2
5
35
17
0
214
4
53
501
12
57
1
51
745
171
3
254
23
274
4
17
0
4
72
44
544
1
32
35
404
35
11
332
757
732
4
3
53
10
4
752
117
317
73
7
5
41
532
1
14
302
1
520
45
4
5
51
15
751
752
444
254
7
7
0
51
7
73
13
7
1
1
0
0
572
1
13
711
0
13
0
110
7
37
4
1
447
7
3
2
304
5
2
4
75
5
0
1
4
43
35
2
475
3
3
71
3
2
317
0
24
1
75
577
22
4
70
2
377
13
37
225
33
7
1
3
7
10
245
204
30
141
255
0
7
7
0
52
7
1
770
20
3
235
5
5
72
557
4
11
4
752
72
3
0
503
51
55
57
2
7
3
271
4
7
2
3
72
3
41
470
740
75
43
23
5
7
5
132
1
2
522
412
131
30
3
277
577
25
0
553
740
4
175
2
304
13
4
307
4
147
575
1
2
15
11
1
2
2
14
35
3
747
43
35
2
74
430
57
5
47
77
3
734
4
337
5
5
4
3
137
531
5
3
577
2
2
255
43
25
5
10
32
0
740
72
13
1
172
753
570
11
72
12
1
4
27
3
17
322
24
130
734
0
33
35
74
17
4
10
3
47
2
45
72
320
275
445
25
23
1
1
257
2
4
17
402
573
23
21
4
24
755
1
372
25
20
242
312
3
2
7
5
23
50
70
401
7
241
32
33
1
13
73
47
2
1
0
73
73
4
25
475
253
222
710
40
700
202
0
3
40
3
23
7
735
13
12
37
774
0
17
13
51
2
324
7
2
74
3
30
3
20
0
30
351
3
55
373
5
3
4
307
1
745
413
355
53
1
4
327
34
2
321
7
7
403
427
3
4
5
15
3
41
31
17
504
717
2
7
500
57
5
50
250
44
41
7
341
53
74
7
7
0
454
2
10
137
57
71
12
2
24
7
47
13
0
10
4
54
31
157
3
55
100
27
4
31
42
24
1
717
745
35
21
752
735
4
505
4
2
202
2
1
477
4
720
15
2
733
20
11
0
2
2
41
7
3
1
75
3
23
15
27
0
0
21
747
154
0
3
277
7
333
1
524
7
52
221
112
221
151
403
54
5
21
52
440
4
42
41
3
50
3
211
2
45
1
541
4
712
31
707
0
23
740
2
55
10
1
121
704
707
74
44
0
2
7
24
4
7
2
5
7
315
1
542
433
21
37
570
251
35
1
27
4
37
3
713
312
72
4
205
422
0
5
7
75
5
5
2
75
4
504
3
23
200
5
7
170
20
41
2
77
0
437
5
371
43
102
225
71
471
43
3
377
102
72
3
521
23
4
0
541
5
7
322
474
437
3
552
44
23
5
34
55
743
523
5
2
3
3
551
4
317
707
1
0
5
1
5
22
524
24
5
1
7
44
4
3
745
205
50
25
1
275
227
370
320
147
3
17
7
321
50
53
21
4
27
37
4
507
10
7
2
4
444
505
1
21
0
0
3
42
21
2
52
7
355
73
223
203
1
45
51
73
5
525
1
3
3
43
351
232
1
550
7
4
51
72
31
47
20
532
444
70
7
1
71
3
371
51
3
1
503
43
54
5
475
41
222
4
730
53
4
7
24
5
77
777
34
450
51
72
544
3
17
3
3
225
721
7
334
2
15
13
7
552
5
45
40
2
52
2
57
41
3
5
14
57
7
7
257
3
525
314
57
45
441
2
0
4
77
44
172
4
221
74
1
701
44
3
52
2
574
132
410
34
50
1
50
47
0
1
13
43
32
75
1
72
0
550
47
522
0
513
31
2
2
17
45
44
3
44
4
235
531
547
7
2
34
5
7
3
773
3
320
7
7
21
23
41
27
173
257
3
5
0
43
44
55
24
531
703
31
204
31
510
1
573
172
50
5
21
451
31
2
42
20
12
37
0
57
15
25
1
7
51
34
324
254
471
54
331
3
743
7
55
340
0
7
427
1
770
0
4
1
141
31
313
5
0
440
343
430
437
17
55
214
0
45
107
711
0
14
34
42
22
40
0
2
7
2
271
113
733
30
5
3
331
535
4
2
774
1
42
257
4
5
505
53
345
3
34
2
720
2
725
120
2
723
0
224
4
101
4
700
1
0
377
244
7
27
170
2
51
7
0
222
7
413
234
254
0
127
1
5
22
3
4
77
172
47
0
2
557
525
544
702
124
23
235
7
74
75
2
3
443
313
15
77
5
3
207
37
45
25
17
733
101
204
7
255
4
550
51
415
22
3
1
5
454
2
1
5
2
4
311
113
5
352
7
4
205
3
2
30
1
7
57
37
303
0
0
5
24
153
54
3
2
22
52
551
3
473
120
5
777
307
243
7
0
532
0
5
15
2
14
14
7
222
302
7
4
5
3
12
15
55
14
2
352
2
7
0
1
501
3
115
710
355
7
373
7
4
42
5
52
7
4
2
2
333
130
5
20
300
27
71
14
47
151
20
3
11
227
4
133
457
4
5
12
113
147
0
73
3
153
402
43
210
541
1
272
2
3
1
3
151
14
47
5
51
455
147
430
234
0
502
32
4
20
1
5
324
205
743
44
1
4
1
122
72
5
15
1
50
0
50
5
4
755
0
43
1
14
20
5
124
3
4
473
730
137
32
2
1
1
7
11
703
71
34
25
75
3
215
4
1
1
204
7
32
1
70
5
7
545
4
4
1
43
142
7
4
2
4
74
45
43
0
1
33
30
11
75
71
2
20
3
10
54
322
23
145
75
3
73
57
401
2
50
114
57
47
477
43
3
13
0
2
32
54
53
71
70
5
70
0
2
70
40
2
344
4
4
1
7
34
74
431
35
74
0
40
1
70
71
2
724
25
350
3
7
275
527
51
47
100
524
271
57
37
0
5
14
33
1
773
3
422
23
457
0
5
55
757
732
215
42
7
1
3
24
575
2
7
435
11
357
2
33
24
0
57
3
357
214
51
4
0
2
43
342
437
34
30
7
4
1
243
172
317
27
4
3
0
0
1
73
7
45
7
11
7
331
22
271
573
534
7
2
13
443
32
307
52
777
1
27
3
5
377
77
4
74
13
73
730
501
4
0
72
473
540
553
27
203
507
174
4
154
7
21
2
37
312
571
111
213
172
33
5
1
40
41
352
4
253
135
411
12
5
73
40
7
22
2
30
723
44
13
0
355
40
175
75
5
2
44
33
44
2
414
15
43
4
10
1
15
57
554
50
0
72
4
433
7
31
7
3
327
14
732
12
70
2
1
7
7
4
0
725
31
531
20
43
7
7
35
5
47
422
0
135
30
5
4
7
55
5
741
54
4
700
475
70
7
11
1
72
224
7
557
0
1
25
32
21
3
77
4
503
750
4
325
3
404
425
0
4
22
0
144
353
425
153
27
713
5
140
1
445
347
7
252
53
744
453
122
553
172
1
1
35
0
1
33
25
114
24
445
4
75
51
107
121
100
11
112
75
43
37
53
4
22
0
55
27
4
4
0
7
25
52
4
232
41
5
2
153
250
0
3
477
511
373
71
554
527
433
0
3
77
225
155
0
457
31
7
24
41
2
435
15
3
105
5
1
4
74
754
7
32
153
7
7
322
2
54
55
201
113
4
402
241
7
5
17
3
12
3
77
5
4
47
347
1
0
1
504
3
7
0
0
773
40
74
24
701
531
3
342
322
3
3
30
43
410
537
12
1
7
44
410
0
571
1
4
1
7
10
7
7
54
171
1
15
3
55
5
172
11
51
5
310
3
3
713
7
114
57
5
75
77
1
3
4
43
211
73
512
3
51
23
5
4
3
0
771
7
11
42
77
73
25
720
4
472
1
27
31
710
5
1
353
4
23
7
72
11
4
3
31
11
3
13
37
555
450
1
34
23
770
7
5
452
121
5
135
703
502
54
53
574
513
70
3
0
73
5
171
22
7
13
175
1
77
1
44
14
210
1
51
77
22
52
43
34
1
753
131
7
53
174
2
7
72
7
23
3
57
4
770
3
1
1
3
24
2
30
4
1
57
5
4
57
7
74
3
57
4
23
40
43
0
4
72
544
4
2
157
0
42
721
3
30
407
24
112
1
3
35
27
5
14
20
1
7
35
7
273
352
333
500
502
240
5
55
737
52
555
7
74
310
2
5
2
7
5
0
30
35
435
4
550
2
200
123
24
35
707
5
253
4
430
250
7
1
5
1
217
4
503
44
72
54
131
2
545
27
5
404
20
711
7
530
551
23
2
3
7
31
14
435
50
204
0
3
713
144
11
17
77
2
3
2
431
4
231
204
7
5
4
32
14
7
4
4
42
34
5
0
1
532
3
7
772
27
5
211
713
12
521
4
4
3
2
3
52
231
51
4
17
13
3
72
15
1
442
541
751
47
45
0
712
73
473
12
53
54
0
4
40
327
550
7
2
571
5
7
271
247
757
43
3
3
307
4
37
7
5
2
72
2
4
755
7
572
710
54
3
55
4
34
7
3
341
103
43
342
45
340
32
415
3
50
735
7
135
33
532
0
4
10
33
7
503
23
3
1
572
102
7
5
2
11
51
2
25
0
740
423
57
175
215
1
14
51
5
0
2
25
35
3
24
40
5
75
545
2
3
10
0
47
4
55
322
15
354
407
772
41
121
20
2
44
4
733
557
3
2
733
5
1
41
272
43
1
13
1
31
777
32
134
10
215
2
2
53
3
4
13
752
71
451
5
2
305
34
472
5
15
202
773
3
733
313
1
54
3
475
42
5
2
3
0
205
0
43
734
5
7
57
17
344
243
1
104
77
3
1
1
2
0
37
2
2
15
71
7
21
4
3
52
0
717
472
240
10
724
4
7
50
512
3
1
30
132
4
0
541
3
40
744
512
4
17
4
73
3
4
520
2
337
540
3
0
4
15
237
52
344
21
12
2
4
302
413
4
342
20
1
530
25
73
73
1
2
5
7
5
1
400
13
1
7
53
7
41
2
777
41
17
34
4
4
2
155
3
2
1
5
554
21
437
70
5
1
3
451
15
44
51
354
47
771
2
35
4
3
4
42
177
170
410
0
43
252
13
0
3
4
501
7
1
24
33
445
21
103
1
41
1
3
23
453
3
240
10
2
521
0
544
227
77
4
17
40
2
51
17
2
1
74
232
7
3
704
75
5
517
40
1
7
22
475
4
4
35
53
444
130
7
23
241
35
1
4
1
4
3
0
53
7
15
24
5
0
130
7
3
5
142
773
0
5
34
24
40
0
3
73
5
13
47
37
7
701
11
211
40
11
55
2
710
43
1
707
22
1
3
234
727
4
243
201
7
525
507
357
7
5
7
15
34
504
435
431
3
555
122
1
5
43
11
4
42
330
530
230
21
120
37
723
5
7
47
532
0
40
57
0
5
231
0
5
11
3
57
7
15
7
555
1
412
134
27
3
3
102
5
13
3
7
720
57
73
11
2
31
32
402
3
12
475
42
4
53
1
51
117
153
5
0
5
3
1
35
342
1
0
500
7
43
22
22
213
425
35
3
0
0
4
71
2
55
444
7
723
224
37
5
737
50
174
27
2
2
2
73
324
15
42
43
244
13
3
502
452
40
7
251
2
74
174
4
270
240
5
2
137
3
147
45
0
4
1
74
344
37
34
547
51
43
2
2
5
42
72
0
37
732
31
704
44
0
43
24
50
33
5
0
14
5
34
321
7
44
343
354
322
3
2
2
410
403
43
54
0
77
1
227
3
0
21
24
717
235
1
1
1
32
12
12
7
210
351
4
310
35
77
1
707
24
71
10
120
72
555
7
7
10
51
14
7
2
7
321
73
35
105
441
12
2
3
7
0
705
4
5
127
520
713
0
533
22
455
32
373
47
25
431
431
40
3
212
143
75
705
577
32
4
422
4
34
2
0
17
3
55
250
5
5
523
544
5
1
427
7
54
7
7
44
4
4
0
307
0
70
7
35
33
220
15
172
234
31
0
0
313
137
7
32
7
47
774
714
0
44
11
545
1
120
1
1
735
4
4
77
0
0
32
55
740
21
505
13
75
255
2
127
51
5
7
22
5
0
324
41
11
5
330
53
21
3
23
10
7
527
57
11
543
205
1
2
511
2
70
41
27
11
737
431
703
107
17
1
702
4
350
713
435
0
12
33
44
21
1
34
51
3
2
13
3
75
1
40
237
4
505
2
0
5
544
5
11
454
712
2
44
3
0
0
2
0
74
32
232
47
0
25
35
1
4
2
4
143
44
47
401
4
3
73
22
227
321
171
422
5
222
7
7
7
0
43
330
77
231
4
4
35
3
22
0
5
234
7
74
245
2
202
7
10
7
0
1
4
0
1
535
4
4
50
13
1
50
47
45
512
43
4
20
574
343
22
52
417
12
0
3
55
0
1
420
34
51
233
4
72
23
7
437
0
241
111
4
3
50
0
57
7
425
5
721
403
40
75
7
745
4
114
35
12
44
434
50
22
23
57
220
3
1
0
4
502
54
51
201
5
35
74
5
72
74
3
14
7
11
7
71
1
445
4
20
200
445
7
4
547
2
2
310
47
173
151
7
2
52
1
10
71
173
2
2
45
5
1
21
0
541
554
55
0
0
31
27
25
13
10
452
75
204
574
15
143
75
3
57
2
251
5
755
424
3
24
77
27
410
114
341
225
5
335
70
135
30
3
5
3
3
7
215
77
2
24
31
704
15
3
20
25
5
21
14
11
41
2
250
240
7
7
411
242
57
437
712
33
503
7
5
5
4
1
454
57
5
5
102
0
0
71
700
4
442
110
73
4
4
20
417
71
325
542
5
10
1
5
77
704
23
7
5
41
220
2
72
4
275
4
423
354
3
155
740
5
2
2
2
300
5
4
104
4
215
5
53
4
7
337
2
77
17
0
73
2
17
2
3
737
7
0
5
20
41
4
70
15
200
4
57
7
7
7
24
57
772
7
31
4
510
233
57
3
5
33
1
310
2
55
4
335
3
4
2
0
12
374
11
20
141
0
10
3
7
15
33
35
34
753
7
435
320
53
3
74
11
443
470
0
33
40
17
55
2
53
314
400
2
574
504
74
34
0
4
7
5
771
451
22
705
77
200
77
37
45
32
3
131
232
242
55
1
0
75
1
12
10
515
427
3
35
33
72
1
57
1
21
3
0
77
2
0
1
24
35
25
147
4
3
23
712
7
40
310
25
77
321
1
77
751
137
74
0
0
227
743
2
350
212
210
47
3
31
4
10
1
273
101
474
270
30
70
2
451
35
22
452
147
34
7
1
73
5
0
337
23
134
31
35
437
5
103
23
35
17
4
712
3
542
71
24
477
5
27
352
25
157
45
1
7
7
320
5
35
3
531
5
313
742
10
44
54
42
0
50
21
2
12
20
245
0
305
2
23
54
532
7
1
2
3
204
127
37
5
1
733
42
14
770
31
331
13
1
21
32
713
470
5
23
5
37
230
0
214
27
5
50
5
307
32
3
0
3
140
3
143
1
3
0
15
172
77
15
57
415
33
702
734
23
27
203
5
301
3
30
3
2
71
543
0
2
22
4
11
325
401
55
40
0
105
14
771
4
557
0
0
317
2
730
74
7
2
3
3
243
5
30
41
0
1
133
445
127
47
33
102
74
143
4
0
140
530
52
155
1
437
3
573
410
347
37
4
51
7
457
35
1
531
247
4
0
20
200
74
524
4
340
2
3
34
34
51
470
1
70
0
24
417
22
2
300
31
7
551
31
4
414
4
4
51
5
1
55
2
77
7
73
1
0
43
745
15
77
30
22
272
2
252
332
1
552
23
3
3
132
313
0
57
33
14
7
3
5
447
775
370
11
414
7
522
25
11
55
3
77
1
51
0
73
71
7
3
13
4
3
75
24
2
772
5
750
0
2
431
35
4
35
14
1
377
4
322
7
32
1
2
7
0
24
0
33
5
0
125
533
411
274
3
23
25
7
51
3
33
537
3
4
3
7
5
41
25
7
0
41
5
341
34
142
17
154
40
53
20
237
5
13
21
1
172
171
0
14
402
7
7
40
0
327
401
730
3
3
515
721
2
7
0
1
54
4
427
7
34
5
7
71
527
345
2
0
7
4
5
22
317
3
3
4
50
37
524
211
1
1
7
0
430
3
17
0
77
314
30
177
25
0
345
1
24
5
33
725
2
1
3
123
104
30
53
705
1
32
0
122
40
543
77
5
41
1
35
70
3
77
2
15
17
5
0
54
103
55
4
34
703
11
70
2
27
7
40
31
7
7
41
257
252
277
44
1
1
21
7
0
0
31
20
21
21
57
132
530
7
15
42
77
23
4
50
442
33
5
7
5
5
10
3
7
744
0
352
3
1
72
745
4
15
154
712
0
0
4
5
732
45
32
3
71
2
0
773
74
0
7
4
217
0
321
432
4
3
741
10
73
0
2
2
54
0
4
440
3
130
7
415
755
1
4
5
4
7
2
32
134
2
5
17
33
171
50
50
3
1
4
30
327
4
145
57
1
357
7
24
0
177
3
1
7
11
3
4
707
212
17
1
0
70
4
0
27
35
250
4
22
4
415
73
7
7
734
3
74
1
10
7
1
0
1
171
50
134
1
4
5
551
375
4
35
3
3
312
5
15
24
71
70
743
5
304
174
3
47
33
4
2
4
41
14
12
5
747
32
525
53
33
7
54
4
734
3
14
202
711
0
55
4
52
1
73
25
1
155
34
421
1
5
44
7
1
570
0
4
500
27
1
7
777
344
342
374
41
227
3
17
500
102
5
743
4
1
4
0
3
31
11
150
570
23
52
3
312
751
535
71
775
544
37
57
574
3
455
57
144
37
1
100
455
2
4
0
5
5
7
522
752
24
0
1
7
1
2
0
35
251
7
4
55
3
521
445
752
353
153
107
5
7
73
4
45
7
415
23
737
334
2
552
53
43
77
17
131
304
1
24
3
70
10
15
40
2
5
1
7
3
172
300
44
27
27
21
41
5
7
30
4
7
5
5
3
34
14
0
774
7
343
11
15
30
533
4
1
572
505
24
35
732
23
31
245
5
34
731
23
7
53
4
100
75
2
4
3
1
5
70
7
2
13
240
703
727
1
35
20
31
0
1
40
15
3
7
5
74
2
0
5
7
514
1
217
7
305
47
7
0
47
3
71
0
7
1
2
51
4
72
44
3
733
4
115
33
1
154
3
0
1
31
71
7
775
247
3
27
2
743
75
337
24
204
325
42
230
4
1
73
0
53
540
27
0
757
7
0
14
23
7
0
5
34
320
711
514
420
24
412
5
7
333
4
1
5
3
4
55
1
47
124
345
11
517
13
1
751
7
32
402
4
50
27
352
443
4
375
7
54
30
410
27
57
137
1
0
450
332
3
0
3
544
43
55
4
350
0
325
7
37
52
4
4
30
445
110
2
533
1
0
231
10
17
204
125
27
704
3
0
140
4
0
27
421
2
532
13
730
0
7
70
37
31
40
540
27
7
54
1
4
4
1
435
777
35
704
7
23
5
7
57
5
4
2
2
23
305
31
7
745
144
51
3
23
42
703
52
52
3
0
752
707
7
7
432
77
4
72
47
4
301
5
422
1
7
372
515
127
445
4
7
4
175
707
10
341
215
271
700
77
722
7
7
507
445
751
0
15
5
40
420
2
574
2
7
534
272
0
505
1
7
51
4
3
353
173
1
5
515
15
7
1
371
3
30
205
1
44
24
45
21
7
35
547
25
21
1
231
3
74
3
12
204
425
404
505
1
4
410
3
27
24
232
75
2
2
20
17
721
4
70
432
214
71
154
5
247
257
374
222
103
0
7
7
350
12
230
343
443
42
47
25
11
52
15
23
425
314
14
13
45
4
7
3
17
211
377
7
2
4
15
1
32
4
3
12
1
337
143
445
704
7
0
1
0
247
700
0
2
45
34
111
30
507
422
737
1
402
740
0
53
507
7
42
243
17
14
4
15
521
23
3
2
325
43
572
4
552
4
3
5
235
0
2
31
20
25
32
50
3
453
44
4
44
54
213
2
15
2
17
2
2
355
14
3
720
43
3
13
540
1
10
220
2
2
450
5
5
42
0
240
3
4
2
42
4
0
17
27
5
7
42
420
253
3
13
2
77
247
225
32
341
441
35
377
1
50
2
17
7
2
5
7
0
1
715
33
4
2
4
2
0
5
7
741
472
4
44
47
13
141
5
4
22
7
42
711
143
2
35
475
55
32
334
31
271
1
317
24
2
1
305
402
5
20
14
3
15
1
547
3
5
24
5
331
4
22
4
14
52
35
23
407
13
50
4
547
33
533
5
172
54
3
5
7
4
700
177
455
75
5
100
715
7
7
7
271
540
15
170
41
7
1
5
554
73
3
3
1
40
23
50
540
57
3
1
47
4
14
501
2
70
35
402
3
10
40
71
4
220
5
70
2
304
44
513
452
3
4
0
423
41
31
1
55
57
52
555
47
3
34
3
545
4
30
5
7
3
0
30
15
15
77
0
2
573
253
0
33
4
7
7
53
3
24
5
27
30
111
2
177
13
135
244
1
4
1
40
422
13
570
7
11
2
0
7
20
1
750
1
7
5
4
300
24
1
0
5
435
73
1
777
34
0
0
74
45
1
130
0
521
152
7
77
751
40
1
45
15
0
50
1
15
120
0
13
31
501
5
1
32
434
352
42
47
133
511
3
143
275
5
37
23
31
7
1
254
1
51
54
30
134
31
545
1
32
5
402
204
4
40
3
325
503
77
3
57
37
45
131
23
735
0
4
75
404
4
54
0
7
4
71
5
53
12
5
35
75
705
4
2
34
0
207
375
431
74
0
12
774
42
2
422
270
42
275
4
414
70
1
31
3
2
3
275
1
535
73
7
4
70
7
111
70
25
2
132
335
702
0
51
1
5
20
3
177
2
2
33
747
510
2
4
5
255
70
17
4
4
55
35
44
52
517
243
11
337
521
172
3
5
7
75
4
5
2
2
50
117
5
53
7
325
52
77
71
440
75
414
33
0
10
10
72
7
2
213
10
305
23
70
215
4
37
5
7
24
114
4
135
45
70
150
0
245
543
72
1
30
47
0
144
0
75
44
31
114
3
315
573
3
774
25
13
5
31
572
13
25
403
1
200
555
0
744
400
15
213
3
42
3
21
77
5
3
327
0
0
50
37
313
70
5
32
142
171
45
274
131
13
703
70
40
702
2
3
4
41
42
4
513
2
7
3
4
3
772
52
202
1
23
437
0
1
505
4
57
301
323
221
533
4
55
17
1
125
54
302
2
74
2
50
145
4
4
10
1
55
32
5
75
17
502
75
15
123
317
7
27
312
73
1
1
243
74
25
53
55
7
147
575
44
13
5
504
73
0
3
3
5
413
0
353
714
3
70
73
4
730
30
4
50
0
4
3
1
35
503
57
44
200
335
757
51
2
3
3
324
57
3
4
751
7
47
7
7
7
227
4
5
2
2
23
133
3
3
53
7
0
520
1
7
5
44
3
121
7
3
543
37
53
2
0
2
535
3
431
20
131
73
571
530
77
3
505
22
2
0
200
5
5
774
4
5
27
332
27
355
417
4
574
1
71
342
530
4
524
1
101
17
311
3
0
15
23
5
3
7
711
5
55
541
7
0
22
4
512
7
1
5
7
2
7
31
27
25
472
411
7
3
714
4
475
37
513
7
14
0
1
142
355
552
404
250
33
54
402
7
315
253
447
7
0
742
5
5
3
0
715
10
534
13
4
0
0
15
74
4
235
10
0
450
350
722
54
4
4
724
35
72
124
247
72
53
7
252
5
235
14
7
2
10
45
55
510
224
0
2
77
31
43
23
52
32
523
77
3
721
44
477
7
513
3
342
5
1
3
52
732
41
2
474
457
1
20
470
1
4
0
5
2
54
377
47
30
147
74
37
252
724
70
0
7
70
712
0
512
32
5
320
2
1
4
44
474
5
4
50
507
5
413
20
5
57
42
304
17
11
5
1
144
72
750
730
1
14
225
4
37
5
2
1
32
33
73
4
5
425
2
521
20
44
3
117
50
22
50
3
5
10
104
57
477
5
33
505
34
7
107
3
44
7
51
557
320
42
15
4
7
3
4
5
535
31
34
22
2
1
7
1
2
4
0
4
45
430
77
20
1
433
455
772
151
4
321
35
12
430
0
7
475
73
711
71
121
5
4
14
4
5
12
34
514
4
0
3
53
4
47
0
414
4
5
70
30
7
47
0
45
445
725
12
7
424
74
7
42
42
733
143
757
5
74
13
2
7
7
7
1
1
0
0
75
13
2
2
774
15
442
102
72
331
441
4
70
7
2
200
47
7
717
2
50
54
210
232
2
433
741
70
331
4
25
731
7
714
7
21
24
47
0
7
23
124
5
0
7
3
2
7
33
727
125
3
22
23
5
0
72
53
5
171
5
445
770
2
43
13
101
5
1
1
2
523
77
10
50
5
131
7
0
511
742
2
47
0
22
4
75
40
15
10
53
2
52
424
54
1
23
1
445
5
33
734
35
52
7
42
12
220
724
50
41
54
53
47
101
5
40
1
32
424
311
2
53
1
12
0
5
0
37
0
405
425
117
1
235
1
3
72
7
37
4
423
55
21
3
2
472
42
5
0
71
450
134
71
2
1
2
372
3
0
7
5
72
221
10
12
15
212
7
72
5
4
240
30
54
3
2
72
500
25
200
52
303
70
154
0
440
1
505
4
2
521
1
3
1
30
22
2
34
103
204
403
23
430
373
134
12
147
412
553
440
4
2
74
73
51
42
52
0
40
40
1
7
7
0
215
41
4
2
247
31
13
4
2
174
23
30
4
50
14
521
404
13
52
2
111
1
52
0
4
1
757
57
17
72
37
24
51
73
4
53
543
4
7
0
13
0
54
74
43
3
3
310
535
33
15
32
3
114
540
117
741
5
71
21
1
575
4
474
0
510
0
333
12
3
2
34
7
517
41
1
35
410
40
3
2
157
125
1
27
50
4
173
321
5
0
754
575
40
32
3
1
20
0
7
70
43
10
0
42
30
327
1
552
524
237
4
54
1
240
33
0
5
1
425
32
544
1
4
23
7
444
474
257
17
0
1
724
223
112
717
3
52
7
242
143
5
70
7
5
35
22
22
534
5
15
72
4
24
72
714
53
0
57
5
755
707
577
3
503
2
7
70
5
33
311
1
12
3
74
73
272
242
173
45
2
24
3
3
1
44
0
73
545
334
103
353
234
1
0
5
541
2
413
12
534
47
0
4
35
371
2
33
134
145
33
44
2
3
1
3
13
74
2
13
51
0
2
2
45
0
32
477
122
3
172
531
411
5
31
372
24
305
577
745
50
22
55
4
17
275
722
235
541
3
701
4
7
334
1
1
37
3
0
7
0
752
323
4
51
2
750
1
303
5
2
2
145
4
20
31
3
3
221
7
730
0
753
142
505
3
273
572
1
2
133
21
5
3
5
3
331
347
12
3
54
7
3
701
2
3
242
214
34
423
7
125
3
55
4
151
41
41
4
74
305
33
2
73
70
2
2
55
5
0
4
0
3
0
1
445
72
221
43
23
355
30
7
1
23
334
34
21
472
35
2
27
45
3
32
34
12
12
15
20
1
70
40
100
737
20
3
5
442
10
5
141
10
7
210
0
7
5
711
0
0
3
412
0
52
314
22
4
3
1
33
404
171
70
727
70
102
7
4
7
7
0
50
4
350
233
0
355
5
2
23
0
304
4
75
2
0
41
70
443
135
24
350
40
721
72
20
4
14
2
51
7
54
7
72
23
2
321
4
14
123
34
210
5
471
224
0
22
12
4
54
105
70
20
5
71
5
72
47
743
505
551
2
0
7
4
0
43
44
205
1
75
1
20
2
205
551
13
71
0
371
77
20
71
4
547
44
2
320
755
772
3
40
43
775
71
77
5
311
31
21
1
53
21
35
340
5
345
30
27
5
702
3
75
35
2
34
377
5
22
4
201
54
1
441
53
3
1
2
757
51
2
3
2
17
105
11
3
7
1
0
72
307
15
107
0
74
52
51
7
235
1
7
4
42
505
52
71
734
11
5
7
752
34
34
325
120
123
14
4
3
7
472
2
417
713
777
14
410
2
35
54
41
45
25
453
4
15
437
755
14
75
52
33
7
275
0
7
11
7
2
33
214
470
23
21
34
4
573
2
741
15
0
1
21
35
21
44
255
51
1
313
40
70
1
327
2
724
5
0
21
233
3
1
2
5
7
220
42
13
355
51
2
734
705
2
7
0
32
71
15
4
14
3
2
427
73
413
32
412
40
775
74
2
0
733
533
25
25
1
155
17
33
0
337
25
74
1
44
1
77
747
353
3
7
5
417
50
2
70
7
51
520
513
540
4
5
1
0
5
0
3
211
1
515
712
717
3
3
53
7
510
14
31
450
14
30
3
547
5
34
3
7
527
7
141
3
272
37
5
2
27
5
3
47
72
773
22
2
2
11
3
141
55
0
2
412
40
0
33
24
12
70
570
31
7
3
24
403
33
35
7
30
421
112
400
3
202
233
51
1
70
125
4
337
4
140
1
5
5
5
1
77
133
12
44
14
45
53
255
711
2
457
41
710
3
3
53
0
2
57
32
37
22
7
20
511
74
4
7
13
42
54
43
171
4
43
37
3
444
443
12
1
1
34
7
45
20
7
3
7
4
34
7
31
10
333
4
23
702
351
3
343
72
132
57
35
320
75
24
147
400
741
4
2
42
3
1
40
255
41
13
4
251
1
5
732
54
4
344
734
132
70
215
2
510
25
0
215
350
51
37
407
254
74
732
4
2
74
10
3
773
70
77
44
553
23
22
4
71
2
70
2
0
0
13
15
57
447
21
5
3
42
74
22
3
3
132
431
11
2
3
74
24
70
750
154
374
511
35
3
0
344
21
4
34
11
337
13
1
32
7
77
5
5
32
402
520
473
400
73
75
154
771
473
7
775
2
70
24
47
31
131
5
17
720
120
5
0
13
55
144
4
7
21
7
13
5
1
2
1
40
7
442
231
215
534
5
774
237
7
4
57
4
133
43
5
31
405
0
5
1
7
5
1
544
513
430
3
771
1
571
750
7
240
0
1
1
3
2
20
752
255
5
5
7
70
41
2
4
5
300
45
103
0
157
3
5
1
0
440
7
170
70
213
107
2
30
702
4
2
50
121
2
27
5
2
34
53
4
52
541
2
4
0
21
35
557
131
137
31
205
777
7
40
0
73
7
4
4
7
343
2
515
50
127
2
771
44
573
721
0
40
14
0
0
2
7
2
50
4
45
2
231
41
224
455
4
112
0
11
0
550
75
7
44
254
235
72
1
4
1
3
1
4
7
5
23
452
334
31
2
54
202
450
101
100
470
100
5
0
75
3
4
734
2
43
23
74
4
15
24
4
0
353
5
745
1
5
7
4
53
53
310
0
132
211
7
0
30
5
20
32
525
11
3
527
73
7
54
102
705
27
37
0
7
2
10
303
12
24
32
7
7
40
423
5
213
27
7
4
21
22
171
273
31
417
537
4
4
337
40
4
37
701
4
2
53
73
27
403
0
24
70
4
435
5
72
3
30
325
303
7
2
4
0
3
7
373
17
3
44
112
44
1
4
470
44
572
532
0
231
1
212
45
7
3
310
425
1
55
1
1
527
2
375
314
5
455
220
37
347
45
33
2
1
555
4
0
770
4
1
11
3
710
747
44
430
11
47
70
422
527
2
30
0
22
5
2
3
15
13
5
25
422
4
244
7
124
30
35
5
500
152
7
3
403
0
3
7
4
3
7
720
23
313
24
2
77
7
47
70
7
0
53
453
2
3
170
170
5
207
0
744
0
40
32
1
10
47
40
0
300
400
35
7
574
0
3
1
7
1
74
715
4
745
117
3
454
755
41
400
24
27
4
375
5
53
2
53
3
22
14
173
777
37
3
307
2
1
30
255
7
720
0
3
7
23
4
3
11
227
30
143
54
35
370
4
451
33
13
57
211
4
4
3
4
0
55
70
527
0
7
20
122
1
4
30
4
4
75
23
0
2
5
401
20
5
4
40
1
357
57
72
7
331
37
3
0
5
4
45
3
30
4
0
4
432
32
224
405
5
0
113
523
20
2
51
425
40
502
412
3
4
7
25
543
4
0
14
174
32
505
20
70
70
15
3
1
4
75
7
7
47
1
445
2
4
2
75
13
51
35
4
3
35
1
215
325
25
1
20
35
51
1
35
157
7
2
4
70
152
23
70
340
32
107
0
2
304
0
3
5
24
5
37
733
515
0
252
50
0
25
0
11
33
41
442
40
24
47
5
11
7
72
571
14
77
53
110
541
17
7
1
0
0
77
51
30
23
1
33
41
314
222
77
151
12
35
7
0
420
15
373
5
411
337
7
757
47
3
40
3
3
77
1
3
44
4
772
2
547
53
447
5
77
73
31
72
0
42
520
5
5
2
3
30
1
5
74
0
10
32
55
377
201
730
547
75
50
11
2
23
244
4
531
2
3
45
3
45
21
34
4
7
174
40
43
43
114
4
3
0
242
245
211
14
444
4
7
44
157
4
70
0
4
0
1
7
2
743
31
420
701
3
13
7
110
750
30
731
21
5
775
35
75
1
1
45
344
5
323
5
32
153
11
17
352
405
73
1
435
35
5
5
45
25
301
370
3
13
4
121
5
15
77
0
25
747
200
0
51
447
52
24
7
451
54
10
114
504
0
43
11
44
500
537
41
23
2
32
2
3
175
30
1
454
3
7
33
1
302
0
351
4
73
501
532
1
42
0
147
220
313
143
17
55
400
24
240
5
7
304
50
7
747
1
2
4
51
543
33
17
1
23
3
117
377
7
735
450
22
2
334
4
14
12
11
407
4
31
3
5
45
7
1
505
0
30
5
3
2
7
357
70
5
54
35
2
342
42
172
11
470
50
5
7
25
301
5
72
2
50
0
4
73
27
734
40
0
33
5
24
404
24
0
357
7
27
102
4
3
727
30
55
2
3
3
0
424
137
0
1
34
44
32
24
0
2
255
30
170
412
4
422
275
3
137
4
2
743
3
531
31
0
7
734
22
3
43
23
522
13
317
35
1
5
355
44
11
3
71
7
23
1
4
5
532
551
12
420
1
3
23
353
15
32
37
2
14
43
441
7
11
17
3
3
2
0
34
7
44
52
7
4
4
5
21
1
3
311
213
34
13
5
45
11
41
7
2
